
BurnedOxidizerInitialCG -3.7
BurnedOxidizerLastCG    -5.7
BurnedFuelInitialCG     -3.7
BurnedFuelLastCG        -5.7

#Time(s)   Thrust(N)   OxidizerFlowRate(kg/s)  FuelBurnRate(kg/s) OxMOI(kg*m^2) FuelMOI(kg*m^2)  
  0    0.00  0.000000  0.000000 (0 0 0)  (1899.248367 1899.248367 1257.823317)
   1    30692.72  6.944900  2.712870 (0 0 0)  (1888.648394 1888.648394 1254.814186)
   2    30692.72  6.944900  2.712870 (0 0 0)  (1878.091939 1878.091939 1251.805055)
   3    30692.72  6.944900  2.712870 (0 0 0)  (1867.578898 1867.578898 1248.795924)
   4    30692.72  6.944900  2.712870 (0 0 0)  (1857.109167 1857.109167 1245.786793)
   5    30692.72  6.944900  2.712870 (0 0 0)  (1846.682641 1846.682641 1242.777662)
   6    30692.72  6.944900  2.712870 (0 0 0)  (1836.299216 1836.299216 1239.768531)
   7    30692.72  6.944900  2.712870 (0 0 0)  (1825.958787 1825.958787 1236.759400)
   8    30692.72  6.944900  2.712870 (0 0 0)  (1815.661251 1815.661251 1233.750269)
   9    30692.72  6.944900  2.712870 (0 0 0)  (1805.406503 1805.406503 1230.741138)
   10    30692.72  6.944900  2.712870 (0 0 0)  (1795.194438 1795.194438 1227.732007)
   11    30692.72  6.944900  2.712870 (0 0 0)  (1785.024952 1785.024952 1224.722876)
   12    30692.72  6.944900  2.712870 (0 0 0)  (1774.897941 1774.897941 1221.713744)
   13    30692.72  6.944900  2.712870 (0 0 0)  (1764.813301 1764.813301 1218.704613)
   14    30692.72  6.944900  2.712870 (0 0 0)  (1754.770926 1754.770926 1215.695482)
   15    30692.72  6.944900  2.712870 (0 0 0)  (1744.770714 1744.770714 1212.686351)
   16    30692.72  6.944900  2.712870 (0 0 0)  (1734.812558 1734.812558 1209.677220)
   17    30692.72  6.944900  2.712870 (0 0 0)  (1724.896356 1724.896356 1206.668089)
   18    30692.72  6.944900  2.712870 (0 0 0)  (1715.022002 1715.022002 1203.658958)
   19    30692.72  6.944900  2.712870 (0 0 0)  (1705.189393 1705.189393 1200.649827)
   20    30692.72  6.944900  2.712870 (0 0 0)  (1695.398423 1695.398423 1197.640696)
   21    30692.72  6.944900  2.712870 (0 0 0)  (1685.648989 1685.648989 1194.631565)
   22    30692.72  6.944900  2.712870 (0 0 0)  (1675.940986 1675.940986 1191.622434)
   23    30692.72  6.944900  2.712870 (0 0 0)  (1666.274310 1666.274310 1188.613303)
   24    30692.72  6.944900  2.712870 (0 0 0)  (1656.648857 1656.648857 1185.604171)
   25    30692.72  6.944900  2.712870 (0 0 0)  (1647.064521 1647.064521 1182.595040)
   26    30692.72  6.944900  2.712870 (0 0 0)  (1637.521200 1637.521200 1179.585909)
   27    30692.72  6.944900  2.712870 (0 0 0)  (1628.018787 1628.018787 1176.576778)
   28    30692.72  6.944900  2.712870 (0 0 0)  (1618.557180 1618.557180 1173.567647)
   29    30692.72  6.944900  2.712870 (0 0 0)  (1609.136274 1609.136274 1170.558516)
   30    30692.72  6.944900  2.712870 (0 0 0)  (1599.755963 1599.755963 1167.549385)
   31    30692.72  6.944900  2.712870 (0 0 0)  (1590.416145 1590.416145 1164.540254)
   32    30692.72  6.944900  2.712870 (0 0 0)  (1581.116714 1581.116714 1161.531123)
   33    30692.72  6.944900  2.712870 (0 0 0)  (1571.857567 1571.857567 1158.521992)
   34    30692.72  6.944900  2.712870 (0 0 0)  (1562.638598 1562.638598 1155.512861)
   35    30692.72  6.944900  2.712870 (0 0 0)  (1553.459704 1553.459704 1152.503730)
   36    30692.72  6.944900  2.712870 (0 0 0)  (1544.320780 1544.320780 1149.494598)
   37    30692.72  6.944900  2.712870 (0 0 0)  (1535.221722 1535.221722 1146.485467)
   38    30692.72  6.944900  2.712870 (0 0 0)  (1526.162425 1526.162425 1143.476336)
   39    30692.72  6.944900  2.712870 (0 0 0)  (1517.142785 1517.142785 1140.467205)
   40    30692.72  6.944900  2.712870 (0 0 0)  (1508.162698 1508.162698 1137.458074)
   41    30692.72  6.944900  2.712870 (0 0 0)  (1499.222059 1499.222059 1134.448943)
   42    30692.72  6.944900  2.712870 (0 0 0)  (1490.320764 1490.320764 1131.439812)
   43    30692.72  6.944900  2.712870 (0 0 0)  (1481.458709 1481.458709 1128.430681)
   44    30692.72  6.944900  2.712870 (0 0 0)  (1472.635790 1472.635790 1125.421550)
   45    30692.72  6.944900  2.712870 (0 0 0)  (1463.851901 1463.851901 1122.412419)
   46    30692.72  6.944900  2.712870 (0 0 0)  (1455.106938 1455.106938 1119.403288)
   47    30692.72  6.944900  2.712870 (0 0 0)  (1446.400798 1446.400798 1116.394157)
   48    30692.72  6.944900  2.712870 (0 0 0)  (1437.733376 1437.733376 1113.385025)
   49    30692.72  6.944900  2.712870 (0 0 0)  (1429.104567 1429.104567 1110.375894)
   50    30692.72  6.944900  2.712870 (0 0 0)  (1420.514267 1420.514267 1107.366763)
   51    30692.72  6.944900  2.712870 (0 0 0)  (1411.962372 1411.962372 1104.357632)
   52    30692.72  6.944900  2.712870 (0 0 0)  (1403.448777 1403.448777 1101.348501)
   53    30692.72  6.944900  2.712870 (0 0 0)  (1394.973379 1394.973379 1098.339370)
   54    30692.72  6.944900  2.712870 (0 0 0)  (1386.536072 1386.536072 1095.330239)
   55    30692.72  6.944900  2.712870 (0 0 0)  (1378.136752 1378.136752 1092.321108)
   56    30692.72  6.944900  2.712870 (0 0 0)  (1369.775315 1369.775315 1089.311977)
   57    30692.72  6.944900  2.712870 (0 0 0)  (1361.451657 1361.451657 1086.302846)
   58    30692.72  6.944900  2.712870 (0 0 0)  (1353.165673 1353.165673 1083.293715)
   59    30692.72  6.944900  2.712870 (0 0 0)  (1344.917259 1344.917259 1080.284584)
   60    30692.72  6.944900  2.712870 (0 0 0)  (1336.706310 1336.706310 1077.275452)
   61    30692.72  6.944900  2.712870 (0 0 0)  (1328.532723 1328.532723 1074.266321)
   62    30692.72  6.944900  2.712870 (0 0 0)  (1320.396392 1320.396392 1071.257190)
   63    30692.72  6.944900  2.712870 (0 0 0)  (1312.297214 1312.297214 1068.248059)
   64    30692.72  6.944900  2.712870 (0 0 0)  (1304.235084 1304.235084 1065.238928)
   65    30692.72  6.944900  2.712870 (0 0 0)  (1296.209898 1296.209898 1062.229797)
   66    30692.72  6.944900  2.712870 (0 0 0)  (1288.221550 1288.221550 1059.220666)
   67    30692.72  6.944900  2.712870 (0 0 0)  (1280.269938 1280.269938 1056.211535)
   68    30692.72  6.944900  2.712870 (0 0 0)  (1272.354957 1272.354957 1053.202404)
   69    30692.72  6.944900  2.712870 (0 0 0)  (1264.476502 1264.476502 1050.193273)
   70    30692.72  6.944900  2.712870 (0 0 0)  (1256.634468 1256.634468 1047.184142)
   71    30692.72  6.944900  2.712870 (0 0 0)  (1248.828752 1248.828752 1044.175011)
   72    30692.72  6.944900  2.712870 (0 0 0)  (1241.059250 1241.059250 1041.165879)
   73    30692.72  6.944900  2.712870 (0 0 0)  (1233.325856 1233.325856 1038.156748)
   74    30692.72  6.944900  2.712870 (0 0 0)  (1225.628467 1225.628467 1035.147617)
   75    30692.72  6.944900  2.712870 (0 0 0)  (1217.966977 1217.966977 1032.138486)
   76    30692.72  6.944900  2.712870 (0 0 0)  (1210.341284 1210.341284 1029.129355)
   77    30692.72  6.944900  2.712870 (0 0 0)  (1202.751282 1202.751282 1026.120224)
   78    30692.72  6.944900  2.712870 (0 0 0)  (1195.196867 1195.196867 1023.111093)
   79    30692.72  6.944900  2.712870 (0 0 0)  (1187.677934 1187.677934 1020.101962)
   80    30692.72  6.944900  2.712870 (0 0 0)  (1180.194380 1180.194380 1017.092831)
   81    30692.72  6.944900  2.712870 (0 0 0)  (1172.746100 1172.746100 1014.083700)
   82    30692.72  6.944900  2.712870 (0 0 0)  (1165.332989 1165.332989 1011.074569)
   83    30692.72  6.944900  2.712870 (0 0 0)  (1157.954944 1157.954944 1008.065438)
   84    30692.72  6.944900  2.712870 (0 0 0)  (1150.611859 1150.611859 1005.056306)
   85    30692.72  6.944900  2.712870 (0 0 0)  (1143.303631 1143.303631 1002.047175)
   86    30692.72  6.944900  2.712870 (0 0 0)  (1136.030155 1136.030155 999.038044)
   87    30692.72  6.944900  2.712870 (0 0 0)  (1128.791327 1128.791327 996.028913)
   88    30692.72  6.944900  2.712870 (0 0 0)  (1121.587043 1121.587043 993.019782)
   89    30692.72  6.944900  2.712870 (0 0 0)  (1114.417197 1114.417197 990.010651)
   90    30692.72  6.944900  2.712870 (0 0 0)  (1107.281686 1107.281686 987.001520)
   91    30692.72  6.944900  2.712870 (0 0 0)  (1100.180406 1100.180406 983.992389)
   92    30692.72  6.944900  2.712870 (0 0 0)  (1093.113251 1093.113251 980.983258)
   93    30692.72  6.944900  2.712870 (0 0 0)  (1086.080118 1086.080118 977.974127)
   94    30692.72  6.944900  2.712870 (0 0 0)  (1079.080902 1079.080902 974.964996)
   95    30692.72  6.944900  2.712870 (0 0 0)  (1072.115499 1072.115499 971.955865)
   96    30692.72  6.944900  2.712870 (0 0 0)  (1065.183805 1065.183805 968.946733)
   97    30692.72  6.944900  2.712870 (0 0 0)  (1058.285715 1058.285715 965.937602)
   98    30692.72  6.944900  2.712870 (0 0 0)  (1051.421125 1051.421125 962.928471)
   99    30692.72  6.944900  2.712870 (0 0 0)  (1044.589930 1044.589930 959.919340)
   100    30692.72  6.944900  2.712870 (0 0 0)  (1037.792026 1037.792026 956.910209)
   101    30692.72  6.944900  2.712870 (0 0 0)  (1031.027309 1031.027309 953.901078)
   102    30692.72  6.944900  2.712870 (0 0 0)  (1024.295674 1024.295674 950.891947)
   103    30692.72  6.944900  2.712870 (0 0 0)  (1017.597018 1017.597018 947.882816)
   104    30692.72  6.944900  2.712870 (0 0 0)  (1010.931235 1010.931235 944.873685)
   105    30692.72  6.944900  2.712870 (0 0 0)  (1004.298221 1004.298221 941.864554)
   106    30692.72  6.944900  2.712870 (0 0 0)  (997.697873 997.697873 938.855423)
   107    30692.72  6.944900  2.712870 (0 0 0)  (991.130084 991.130084 935.846292)
   108    30692.72  6.944900  2.712870 (0 0 0)  (984.594753 984.594753 932.837160)
   109    30692.72  6.944900  2.712870 (0 0 0)  (978.091772 978.091772 929.828029)
   110    30692.72  6.944900  2.712870 (0 0 0)  (971.621040 971.621040 926.818898)
   111    30692.72  6.944900  2.712870 (0 0 0)  (965.182450 965.182450 923.809767)
   112    30692.72  6.944900  2.712870 (0 0 0)  (958.775900 958.775900 920.800636)
   113    30692.72  6.944900  2.712870 (0 0 0)  (952.401284 952.401284 917.791505)
   114    30692.72  6.944900  2.712870 (0 0 0)  (946.058497 946.058497 914.782374)
   115    30692.72  6.944900  2.712870 (0 0 0)  (939.747437 939.747437 911.773243)
   116    30692.72  6.944900  2.712870 (0 0 0)  (933.467998 933.467998 908.764112)
   117    30692.72  6.944900  2.712870 (0 0 0)  (927.220076 927.220076 905.754981)
   118    30692.72  6.944900  2.712870 (0 0 0)  (921.003566 921.003566 902.745850)
   119    30692.72  6.944900  2.712870 (0 0 0)  (914.818365 914.818365 899.736718)
   120    30692.72  6.944900  2.712870 (0 0 0)  (908.664368 908.664368 896.727587)
   121    30692.72  6.944900  2.712870 (0 0 0)  (902.541470 902.541470 893.718456)
   122    30692.72  6.944900  2.712870 (0 0 0)  (896.449567 896.449567 890.709325)
   123    30692.72  6.944900  2.712870 (0 0 0)  (890.388555 890.388555 887.700194)
   124    30692.72  6.944900  2.712870 (0 0 0)  (884.358330 884.358330 884.691063)
   125    30692.72  6.944900  2.712870 (0 0 0)  (878.358786 878.358786 881.681932)
   126    30692.72  6.944900  2.712870 (0 0 0)  (872.389821 872.389821 878.672801)
   127    30692.72  6.944900  2.712870 (0 0 0)  (866.451329 866.451329 875.663670)
   128    30692.72  6.944900  2.712870 (0 0 0)  (860.543206 860.543206 872.654539)
   129    30692.72  6.944900  2.712870 (0 0 0)  (854.665347 854.665347 869.645408)
   130    30692.72  6.944900  2.712870 (0 0 0)  (848.817649 848.817649 866.636277)
   131    30692.72  6.944900  2.712870 (0 0 0)  (843.000007 843.000007 863.627145)
   132    30692.72  6.944900  2.712870 (0 0 0)  (837.212316 837.212316 860.618014)
   133    30692.72  6.944900  2.712870 (0 0 0)  (831.454472 831.454472 857.608883)
   134    30692.72  6.944900  2.712870 (0 0 0)  (825.726372 825.726372 854.599752)
   135    30692.72  6.944900  2.712870 (0 0 0)  (820.027910 820.027910 851.590621)
   136    30692.72  6.944900  2.712870 (0 0 0)  (814.358982 814.358982 848.581490)
   137    30692.72  6.944900  2.712870 (0 0 0)  (808.719483 808.719483 845.572359)
   138    30692.72  6.944900  2.712870 (0 0 0)  (803.109310 803.109310 842.563228)
   139    30692.72  6.944900  2.712870 (0 0 0)  (797.528359 797.528359 839.554097)
   140    30692.72  6.944900  2.712870 (0 0 0)  (791.976524 791.976524 836.544966)
   141    30692.72  6.944900  2.712870 (0 0 0)  (786.453701 786.453701 833.535835)
   142    30692.72  6.944900  2.712870 (0 0 0)  (780.959786 780.959786 830.526704)
   143    30692.72  6.944900  2.712870 (0 0 0)  (775.494675 775.494675 827.517572)
   144    30692.72  6.944900  2.712870 (0 0 0)  (770.058263 770.058263 824.508441)
   145    30692.72  6.944900  2.712870 (0 0 0)  (764.650446 764.650446 821.499310)
   146    30692.72  6.944900  2.712870 (0 0 0)  (759.271120 759.271120 818.490179)
   147    30692.72  6.944900  2.712870 (0 0 0)  (753.920179 753.920179 815.481048)
   148    30692.72  6.944900  2.712870 (0 0 0)  (748.597521 748.597521 812.471917)
   149    30692.72  6.944900  2.712870 (0 0 0)  (743.303040 743.303040 809.462786)
   150    30692.72  6.944900  2.712870 (0 0 0)  (738.036632 738.036632 806.453655)
   151    30692.72  6.944900  2.712870 (0 0 0)  (732.798193 732.798193 803.444524)
   152    30692.72  6.944900  2.712870 (0 0 0)  (727.587618 727.587618 800.435393)
   153    30692.72  6.944900  2.712870 (0 0 0)  (722.404803 722.404803 797.426262)
   154    30692.72  6.944900  2.712870 (0 0 0)  (717.249644 717.249644 794.417131)
   155    30692.72  6.944900  2.712870 (0 0 0)  (712.122036 712.122036 791.407999)
   156    30692.72  6.944900  2.712870 (0 0 0)  (707.021875 707.021875 788.398868)
   157    30692.72  6.944900  2.712870 (0 0 0)  (701.949057 701.949057 785.389737)
   158    30692.72  6.944900  2.712870 (0 0 0)  (696.903477 696.903477 782.380606)
   159    30692.72  6.944900  2.712870 (0 0 0)  (691.885030 691.885030 779.371475)
   160    30692.72  6.944900  2.712870 (0 0 0)  (686.893614 686.893614 776.362344)
   161    30692.72  6.944900  2.712870 (0 0 0)  (681.929122 681.929122 773.353213)
   162    30692.72  6.944900  2.712870 (0 0 0)  (676.991451 676.991451 770.344082)
   163    30692.72  6.944900  2.712870 (0 0 0)  (672.080497 672.080497 767.334951)
   164    30692.72  6.944900  2.712870 (0 0 0)  (667.196154 667.196154 764.325820)
   165    30692.72  6.944900  2.712870 (0 0 0)  (662.338319 662.338319 761.316689)
   166    30692.72  6.944900  2.712870 (0 0 0)  (657.506888 657.506888 758.307558)
   167    30692.72  6.944900  2.712870 (0 0 0)  (652.701756 652.701756 755.298426)
   168    30692.72  6.944900  2.712870 (0 0 0)  (647.922818 647.922818 752.289295)
   169    30692.72  6.944900  2.712870 (0 0 0)  (643.169970 643.169970 749.280164)
   170    30692.72  6.944900  2.712870 (0 0 0)  (638.443109 638.443109 746.271033)
   171    30692.72  6.944900  2.712870 (0 0 0)  (633.742128 633.742128 743.261902)
   172    30692.72  6.944900  2.712870 (0 0 0)  (629.066925 629.066925 740.252771)
   173    30692.72  6.944900  2.712870 (0 0 0)  (624.417395 624.417395 737.243640)
   174    30692.72  6.944900  2.712870 (0 0 0)  (619.793434 619.793434 734.234509)
   175    30692.72  6.944900  2.712870 (0 0 0)  (615.194936 615.194936 731.225378)
   176    30692.72  6.944900  2.712870 (0 0 0)  (610.621798 610.621798 728.216247)
   177    30692.72  6.944900  2.712870 (0 0 0)  (606.073916 606.073916 725.207116)
   178    30692.72  6.944900  2.712870 (0 0 0)  (601.551184 601.551184 722.197985)
   179    30692.72  6.944900  2.712870 (0 0 0)  (597.053499 597.053499 719.188853)
   180    30692.72  6.944900  2.712870 (0 0 0)  (592.580757 592.580757 716.179722)
   181    30692.72  6.944900  2.712870 (0 0 0)  (588.132852 588.132852 713.170591)
   182    30692.72  6.944900  2.712870 (0 0 0)  (583.709681 583.709681 710.161460)
   183    30692.72  6.944900  2.712870 (0 0 0)  (579.311139 579.311139 707.152329)
   184    30692.72  6.944900  2.712870 (0 0 0)  (574.937122 574.937122 704.143198)
   185    30692.72  6.944900  2.712870 (0 0 0)  (570.587526 570.587526 701.134067)
   186    30692.72  6.944900  2.712870 (0 0 0)  (566.262245 566.262245 698.124936)
   187    30692.72  6.944900  2.712870 (0 0 0)  (561.961177 561.961177 695.115805)
   188    30692.72  6.944900  2.712870 (0 0 0)  (557.684215 557.684215 692.106674)
   189    30692.72  6.944900  2.712870 (0 0 0)  (553.431257 553.431257 689.097543)
   190    30692.72  6.944900  2.712870 (0 0 0)  (549.202198 549.202198 686.088412)
   191    30692.72  6.944900  2.712870 (0 0 0)  (544.996933 544.996933 683.079280)
   192    30692.72  6.944900  2.712870 (0 0 0)  (540.815357 540.815357 680.070149)
   193    30692.72  6.944900  2.712870 (0 0 0)  (536.657368 536.657368 677.061018)
   194    30692.72  6.944900  2.712870 (0 0 0)  (532.522860 532.522860 674.051887)
   195    30692.72  6.944900  2.712870 (0 0 0)  (528.411728 528.411728 671.042756)
   196    30692.72  6.944900  2.712870 (0 0 0)  (524.323869 524.323869 668.033625)
   197    30692.72  6.944900  2.712870 (0 0 0)  (520.259179 520.259179 665.024494)
   198    30692.72  6.944900  2.712870 (0 0 0)  (516.217552 516.217552 662.015363)
   199    30692.72  6.944900  2.712870 (0 0 0)  (512.198884 512.198884 659.006232)
   200    30692.72  6.944900  2.712870 (0 0 0)  (508.203072 508.203072 655.997101)
   201    30692.72  6.944900  2.712870 (0 0 0)  (504.230010 504.230010 652.987970)
   202    30692.72  6.944900  2.712870 (0 0 0)  (500.279595 500.279595 649.978839)
   203    30692.72  6.944900  2.712870 (0 0 0)  (496.351722 496.351722 646.969707)
   204    30692.72  6.944900  2.712870 (0 0 0)  (492.446286 492.446286 643.960576)
   205    30692.72  6.944900  2.712870 (0 0 0)  (488.563184 488.563184 640.951445)
   206    30692.72  6.944900  2.712870 (0 0 0)  (484.702310 484.702310 637.942314)
   207    30692.72  6.944900  2.712870 (0 0 0)  (480.863561 480.863561 634.933183)
   208    30692.72  6.944900  2.712870 (0 0 0)  (477.046833 477.046833 631.924052)
   209    30692.72  6.944900  2.712870 (0 0 0)  (473.252020 473.252020 628.914921)
   210    30692.72  6.944900  2.712870 (0 0 0)  (469.479019 469.479019 625.905790)
   211    30692.72  6.944900  2.712870 (0 0 0)  (465.727725 465.727725 622.896659)
   212    30692.72  6.944900  2.712870 (0 0 0)  (461.998033 461.998033 619.887528)
   213    30692.72  6.944900  2.712870 (0 0 0)  (458.289840 458.289840 616.878397)
   214    30692.72  6.944900  2.712870 (0 0 0)  (454.603041 454.603041 613.869266)
   215    30692.72  6.944900  2.712870 (0 0 0)  (450.937532 450.937532 610.860134)
   216    30692.72  6.944900  2.712870 (0 0 0)  (447.293208 447.293208 607.851003)
   217    30692.72  6.944900  2.712870 (0 0 0)  (443.669965 443.669965 604.841872)
   218    30692.72  6.944900  2.712870 (0 0 0)  (440.067699 440.067699 601.832741)
   219    30692.72  6.944900  2.712870 (0 0 0)  (436.486305 436.486305 598.823610)
   220    30692.72  6.944900  2.712870 (0 0 0)  (432.925678 432.925678 595.814479)
   221    30692.72  6.944900  2.712870 (0 0 0)  (429.385716 429.385716 592.805348)
   222    30692.72  6.944900  2.712870 (0 0 0)  (425.866312 425.866312 589.796217)
   223    30692.72  6.944900  2.712870 (0 0 0)  (422.367364 422.367364 586.787086)
   224    30692.72  6.944900  2.712870 (0 0 0)  (418.888765 418.888765 583.777955)
   225    30692.72  6.944900  2.712870 (0 0 0)  (415.430413 415.430413 580.768824)
   226    30692.72  6.944900  2.712870 (0 0 0)  (411.992203 411.992203 577.759693)
   227    30692.72  6.944900  2.712870 (0 0 0)  (408.574029 408.574029 574.750561)
   228    30692.72  6.944900  2.712870 (0 0 0)  (405.175789 405.175789 571.741430)
   229    30692.72  6.944900  2.712870 (0 0 0)  (401.797378 401.797378 568.732299)
   230    30692.72  6.944900  2.712870 (0 0 0)  (398.438691 398.438691 565.723168)
   231    30692.72  6.944900  2.712870 (0 0 0)  (395.099624 395.099624 562.714037)
   232    30692.72  6.944900  2.712870 (0 0 0)  (391.780072 391.780072 559.704906)
   233    30692.72  6.944900  2.712870 (0 0 0)  (388.479931 388.479931 556.695775)
   234    30692.72  6.944900  2.712870 (0 0 0)  (385.199098 385.199098 553.686644)
   235    30692.72  6.944900  2.712870 (0 0 0)  (381.937467 381.937467 550.677513)
   236    30692.72  6.944900  2.712870 (0 0 0)  (378.694934 378.694934 547.668382)
   237    30692.72  6.944900  2.712870 (0 0 0)  (375.471394 375.471394 544.659251)
   238    30692.72  6.944900  2.712870 (0 0 0)  (372.266745 372.266745 541.650120)
   239    30692.72  6.944900  2.712870 (0 0 0)  (369.080880 369.080880 538.640988)
   240    30692.72  6.944900  2.712870 (0 0 0)  (365.913696 365.913696 535.631857)
   241    30692.72  6.944900  2.712870 (0 0 0)  (362.765088 362.765088 532.622726)
   242    30692.72  6.944900  2.712870 (0 0 0)  (359.634952 359.634952 529.613595)
   243    30692.72  6.944900  2.712870 (0 0 0)  (356.523184 356.523184 526.604464)
   244    30692.72  6.944900  2.712870 (0 0 0)  (353.429679 353.429679 523.595333)
   245    30692.72  6.944900  2.712870 (0 0 0)  (350.354333 350.354333 520.586202)
   246    30692.72  6.944900  2.712870 (0 0 0)  (347.297041 347.297041 517.577071)
   247    30692.72  6.944900  2.712870 (0 0 0)  (344.257700 344.257700 514.567940)
   248    30692.72  6.944900  2.712870 (0 0 0)  (341.236204 341.236204 511.558809)
   249    30692.72  6.944900  2.712870 (0 0 0)  (338.232450 338.232450 508.549678)
   250    30692.72  6.944900  2.712870 (0 0 0)  (335.246333 335.246333 505.540547)
   251    30692.72  6.944900  2.712870 (0 0 0)  (332.277749 332.277749 502.531415)
   252    30692.72  6.944900  2.712870 (0 0 0)  (329.326593 329.326593 499.522284)
   253    30692.72  6.944900  2.712870 (0 0 0)  (326.392761 326.392761 496.513153)
   254    30692.72  6.944900  2.712870 (0 0 0)  (323.476148 323.476148 493.504022)
   255    30692.72  6.944900  2.712870 (0 0 0)  (320.576651 320.576651 490.494891)
   256    30692.72  6.944900  2.712870 (0 0 0)  (317.694165 317.694165 487.485760)
   257    30692.72  6.944900  2.712870 (0 0 0)  (314.828586 314.828586 484.476629)
   258    30692.72  6.944900  2.712870 (0 0 0)  (311.979808 311.979808 481.467498)
   259    30692.72  6.944900  2.712870 (0 0 0)  (309.147729 309.147729 478.458367)
   260    30692.72  6.944900  2.712870 (0 0 0)  (306.332243 306.332243 475.449236)
   261    30692.72  6.944900  2.712870 (0 0 0)  (303.533246 303.533246 472.440105)
   262    30692.72  6.944900  2.712870 (0 0 0)  (300.750634 300.750634 469.430973)
   263    30692.72  6.944900  2.712870 (0 0 0)  (297.984302 297.984302 466.421842)
   264    30692.72  6.944900  2.712870 (0 0 0)  (295.234146 295.234146 463.412711)
   265    30692.72  6.944900  2.712870 (0 0 0)  (292.500062 292.500062 460.403580)
   266    30692.72  6.944900  2.712870 (0 0 0)  (289.781945 289.781945 457.394449)
   267    30692.72  6.944900  2.712870 (0 0 0)  (287.079692 287.079692 454.385318)
   268    30692.72  6.944900  2.712870 (0 0 0)  (284.393196 284.393196 451.376187)
   269    30692.72  6.944900  2.712870 (0 0 0)  (281.722356 281.722356 448.367056)
   270    30692.72  6.944900  2.712870 (0 0 0)  (279.067065 279.067065 445.357925)
   271    30692.72  6.944900  2.712870 (0 0 0)  (276.427219 276.427219 442.348794)
   272    30692.72  6.944900  2.712870 (0 0 0)  (273.802715 273.802715 439.339663)
   273    30692.72  6.944900  2.712870 (0 0 0)  (271.193447 271.193447 436.330532)
   274    30692.72  6.944900  2.712870 (0 0 0)  (268.599312 268.599312 433.321400)
   275    30692.72  6.944900  2.712870 (0 0 0)  (266.020205 266.020205 430.312269)
   276    30692.72  6.944900  2.712870 (0 0 0)  (263.456022 263.456022 427.303138)
   277    30692.72  6.944900  2.712870 (0 0 0)  (260.906658 260.906658 424.294007)
   278    30692.72  6.944900  2.712870 (0 0 0)  (258.372009 258.372009 421.284876)
   279    30692.72  6.944900  2.712870 (0 0 0)  (255.851971 255.851971 418.275745)
   280    30692.72  6.944900  2.712870 (0 0 0)  (253.346439 253.346439 415.266614)
   281    30692.72  6.944900  2.712870 (0 0 0)  (250.855309 250.855309 412.257483)
   282    30692.72  6.944900  2.712870 (0 0 0)  (248.378476 248.378476 409.248352)
   283    30692.72  6.944900  2.712870 (0 0 0)  (245.915837 245.915837 406.239221)
   284    30692.72  6.944900  2.712870 (0 0 0)  (243.467286 243.467286 403.230090)
   285    30692.72  6.944900  2.712870 (0 0 0)  (241.032720 241.032720 400.220959)
   286    30692.72  6.944900  2.712870 (0 0 0)  (238.612034 238.612034 397.211827)
   287    30692.72  6.944900  2.712870 (0 0 0)  (236.205124 236.205124 394.202696)
   288    30692.72  6.944900  2.712870 (0 0 0)  (233.811885 233.811885 391.193565)
   289    30692.72  6.944900  2.712870 (0 0 0)  (231.432214 231.432214 388.184434)
   290    30692.72  6.944900  2.712870 (0 0 0)  (229.066005 229.066005 385.175303)
   291    30692.72  6.944900  2.712870 (0 0 0)  (226.713154 226.713154 382.166172)
   292    30692.72  6.944900  2.712870 (0 0 0)  (224.373557 224.373557 379.157041)
   293    30692.72  6.944900  2.712870 (0 0 0)  (222.047110 222.047110 376.147910)
   294    30692.72  6.944900  2.712870 (0 0 0)  (219.733708 219.733708 373.138779)
   295    30692.72  6.944900  2.712870 (0 0 0)  (217.433247 217.433247 370.129648)
   296    30692.72  6.944900  2.712870 (0 0 0)  (215.145623 215.145623 367.120517)
   297    30692.72  6.944900  2.712870 (0 0 0)  (212.870730 212.870730 364.111386)
   298    30692.72  6.944900  2.712870 (0 0 0)  (210.608466 210.608466 361.102254)
   299    30692.72  6.944900  2.712870 (0 0 0)  (208.358725 208.358725 358.093123)
   300    30692.72  6.944900  2.712870 (0 0 0)  (206.121403 206.121403 355.083992)
   301    30692.72  6.944900  2.712870 (0 0 0)  (203.896395 203.896395 352.074861)
   302    30692.72  6.944900  2.712870 (0 0 0)  (201.683598 201.683598 349.065730)
   303    30692.72  6.944900  2.712870 (0 0 0)  (199.482907 199.482907 346.056599)
   304    30692.72  6.944900  2.712870 (0 0 0)  (197.294218 197.294218 343.047468)
   305    30692.72  6.944900  2.712870 (0 0 0)  (195.117426 195.117426 340.038337)
   306    30692.72  6.944900  2.712870 (0 0 0)  (192.952427 192.952427 337.029206)
   307    30692.72  6.944900  2.712870 (0 0 0)  (190.799116 190.799116 334.020075)
   308    30692.72  6.944900  2.712870 (0 0 0)  (188.657390 188.657390 331.010944)
   309    30692.72  6.944900  2.712870 (0 0 0)  (186.527144 186.527144 328.001813)
   310    30692.72  6.944900  2.712870 (0 0 0)  (184.408273 184.408273 324.992681)
   311    30692.72  6.944900  2.712870 (0 0 0)  (182.300673 182.300673 321.983550)
   312    30692.72  6.944900  2.712870 (0 0 0)  (180.204239 180.204239 318.974419)
   313    30692.72  6.944900  2.712870 (0 0 0)  (178.118869 178.118869 315.965288)
   314    30692.72  6.944900  2.712870 (0 0 0)  (176.044456 176.044456 312.956157)
   315    30692.72  6.944900  2.712870 (0 0 0)  (173.980897 173.980897 309.947026)
   316    30692.72  6.944900  2.712870 (0 0 0)  (171.928087 171.928087 306.937895)
   317    30692.72  6.944900  2.712870 (0 0 0)  (169.885922 169.885922 303.928764)
   318    30692.72  6.944900  2.712870 (0 0 0)  (167.854298 167.854298 300.919633)
   319    30692.72  6.944900  2.712870 (0 0 0)  (165.833110 165.833110 297.910502)
   320    30692.72  6.944900  2.712870 (0 0 0)  (163.822254 163.822254 294.901371)
   321    30692.72  6.944900  2.712870 (0 0 0)  (161.821626 161.821626 291.892240)
   322    30692.72  6.944900  2.712870 (0 0 0)  (159.831120 159.831120 288.883108)
   323    30692.72  6.944900  2.712870 (0 0 0)  (157.850634 157.850634 285.873977)
   324    30692.72  6.944900  2.712870 (0 0 0)  (155.880061 155.880061 282.864846)
   325    30692.72  6.944900  2.712870 (0 0 0)  (153.919299 153.919299 279.855715)
   326    30692.72  6.944900  2.712870 (0 0 0)  (151.968243 151.968243 276.846584)
   327    30692.72  6.944900  2.712870 (0 0 0)  (150.026788 150.026788 273.837453)
   328    30692.72  6.944900  2.712870 (0 0 0)  (148.094830 148.094830 270.828322)
   329    30692.72  6.944900  2.712870 (0 0 0)  (146.172264 146.172264 267.819191)
   330    30692.72  6.944900  2.712870 (0 0 0)  (144.258987 144.258987 264.810060)
   331    30692.72  6.944900  2.712870 (0 0 0)  (142.354894 142.354894 261.800929)
   332    30692.72  6.944900  2.712870 (0 0 0)  (140.459880 140.459880 258.791798)
   333    30692.72  6.944900  2.712870 (0 0 0)  (138.573842 138.573842 255.782667)
   334    30692.72  6.944900  2.712870 (0 0 0)  (136.696674 136.696674 252.773535)
   335    30692.72  6.944900  2.712870 (0 0 0)  (134.828273 134.828273 249.764404)
   336    30692.72  6.944900  2.712870 (0 0 0)  (132.968534 132.968534 246.755273)
   337    30692.72  6.944900  2.712870 (0 0 0)  (131.117353 131.117353 243.746142)
   338    30692.72  6.944900  2.712870 (0 0 0)  (129.274625 129.274625 240.737011)
   339    30692.72  6.944900  2.712870 (0 0 0)  (127.440246 127.440246 237.727880)
   340    30692.72  6.944900  2.712870 (0 0 0)  (125.614112 125.614112 234.718749)
   341    30692.72  6.944900  2.712870 (0 0 0)  (123.796118 123.796118 231.709618)
   342    30692.72  6.944900  2.712870 (0 0 0)  (121.986160 121.986160 228.700487)
   343    30692.72  6.944900  2.712870 (0 0 0)  (120.184134 120.184134 225.691356)
   344    30692.72  6.944900  2.712870 (0 0 0)  (118.389935 118.389935 222.682225)
   345    30692.72  6.944900  2.712870 (0 0 0)  (116.603459 116.603459 219.673094)
   346    30692.72  6.944900  2.712870 (0 0 0)  (114.824601 114.824601 216.663962)
   347    30692.72  6.944900  2.712870 (0 0 0)  (113.053257 113.053257 213.654831)
   348    30692.72  6.944900  2.712870 (0 0 0)  (111.289324 111.289324 210.645700)
   349    30692.72  6.944900  2.712870 (0 0 0)  (109.532695 109.532695 207.636569)
   350    30692.72  6.944900  2.712870 (0 0 0)  (107.783268 107.783268 204.627438)
   351    30692.72  6.944900  2.712870 (0 0 0)  (106.040938 106.040938 201.618307)
   352    30692.72  6.944900  2.712870 (0 0 0)  (104.305599 104.305599 198.609176)
   353    30692.72  6.944900  2.712870 (0 0 0)  (102.577149 102.577149 195.600045)
   354    30692.72  6.944900  2.712870 (0 0 0)  (100.855483 100.855483 192.590914)
   355    30692.72  6.944900  2.712870 (0 0 0)  (99.140495 99.140495 189.581783)
   356    30692.72  6.944900  2.712870 (0 0 0)  (97.432083 97.432083 186.572652)
   357    30692.72  6.944900  2.712870 (0 0 0)  (95.730141 95.730141 183.563521)
   358    30692.72  6.944900  2.712870 (0 0 0)  (94.034566 94.034566 180.554389)
   359    30692.72  6.944900  2.712870 (0 0 0)  (92.345252 92.345252 177.545258)
   360    30692.72  6.944900  2.712870 (0 0 0)  (90.662096 90.662096 174.536127)
   361    30692.72  6.944900  2.712870 (0 0 0)  (88.984992 88.984992 171.526996)
   362    30692.72  6.944900  2.712870 (0 0 0)  (87.313838 87.313838 168.517865)
   363    30692.72  6.944900  2.712870 (0 0 0)  (85.648528 85.648528 165.508734)
   364    30692.72  6.944900  2.712870 (0 0 0)  (83.988958 83.988958 162.499603)
   365    30692.72  6.944900  2.712870 (0 0 0)  (82.335024 82.335024 159.490472)
   366    30692.72  6.944900  2.712870 (0 0 0)  (80.686621 80.686621 156.481341)
   367    30692.72  6.944900  2.712870 (0 0 0)  (79.043644 79.043644 153.472210)
   368    30692.72  6.944900  2.712870 (0 0 0)  (77.405991 77.405991 150.463079)
   369    30692.72  6.944900  2.712870 (0 0 0)  (75.773556 75.773556 147.453948)
   370    30692.72  6.944900  2.712870 (0 0 0)  (74.146234 74.146234 144.444816)
   371    30692.72  6.944900  2.712870 (0 0 0)  (72.523922 72.523922 141.435685)
   372    30692.72  6.944900  2.712870 (0 0 0)  (70.906516 70.906516 138.426554)
   373    30692.72  6.944900  2.712870 (0 0 0)  (69.293910 69.293910 135.417423)
   374    30692.72  6.944900  2.712870 (0 0 0)  (67.686000 67.686000 132.408292)
   375    30692.72  6.944900  2.712870 (0 0 0)  (66.082683 66.082683 129.399161)
   376    30692.72  6.944900  2.712870 (0 0 0)  (64.483853 64.483853 126.390030)
   377    30692.72  6.944900  2.712870 (0 0 0)  (62.889407 62.889407 123.380899)
   378    30692.72  6.944900  2.712870 (0 0 0)  (61.299239 61.299239 120.371768)
   379    30692.72  6.944900  2.712870 (0 0 0)  (59.713247 59.713247 117.362637)
   380    30692.72  6.944900  2.712870 (0 0 0)  (58.131324 58.131324 114.353506)
   381    30692.72  6.944900  2.712870 (0 0 0)  (56.553368 56.553368 111.344375)
   382    30692.72  6.944900  2.712870 (0 0 0)  (54.979273 54.979273 108.335243)
   383    30692.72  6.944900  2.712870 (0 0 0)  (53.408935 53.408935 105.326112)
   384    30692.72  6.944900  2.712870 (0 0 0)  (51.842250 51.842250 102.316981)
   385    30692.72  6.944900  2.712870 (0 0 0)  (50.279113 50.279113 99.307850)
   386    30692.72  6.944900  2.712870 (0 0 0)  (48.719421 48.719421 96.298719)
   387    30692.72  6.944900  2.712870 (0 0 0)  (47.163068 47.163068 93.289588)
   388    30692.72  6.944900  2.712870 (0 0 0)  (45.609951 45.609951 90.280457)
   389    30692.72  6.944900  2.712870 (0 0 0)  (44.059964 44.059964 87.271326)
   390    30692.72  6.944900  2.712870 (0 0 0)  (42.513005 42.513005 84.262195)
   391    30692.72  6.944900  2.712870 (0 0 0)  (40.968968 40.968968 81.253064)
   392    30692.72  6.944900  2.712870 (0 0 0)  (39.427748 39.427748 78.243933)
   393    30692.72  6.944900  2.712870 (0 0 0)  (37.889243 37.889243 75.234802)
   394    30692.72  6.944900  2.712870 (0 0 0)  (36.353346 36.353346 72.225670)
   395    30692.72  6.944900  2.712870 (0 0 0)  (34.819954 34.819954 69.216539)
   396    30692.72  6.944900  2.712870 (0 0 0)  (33.288963 33.288963 66.207408)
   397    30692.72  6.944900  2.712870 (0 0 0)  (31.760268 31.760268 63.198277)
   398    30692.72  6.944900  2.712870 (0 0 0)  (30.233765 30.233765 60.189146)
   399    30692.72  6.944900  2.712870 (0 0 0)  (28.709349 28.709349 57.180015)
   400    30692.72  6.944900  2.712870 (0 0 0)  (27.186917 27.186917 54.170884)
   401    30692.72  6.944900  2.712870 (0 0 0)  (25.666363 25.666363 51.161753)
   402    30692.72  6.944900  2.712870 (0 0 0)  (24.147583 24.147583 48.152622)
   403    30692.72  6.944900  2.712870 (0 0 0)  (22.630473 22.630473 45.143491)
   404    30692.72  6.944900  2.712870 (0 0 0)  (21.114929 21.114929 42.134360)
   405    30692.72  6.944900  2.712870 (0 0 0)  (19.600847 19.600847 39.125228)
   406    30692.72  6.944900  2.712870 (0 0 0)  (18.088121 18.088121 36.116097)
   407    30692.72  6.944900  2.712870 (0 0 0)  (16.576647 16.576647 33.106966)
   408    30692.72  6.944900  2.712870 (0 0 0)  (15.066322 15.066322 30.097835)
   409    30692.72  6.944900  2.712870 (0 0 0)  (13.557041 13.557041 27.088704)
   410    30692.72  6.944900  2.712870 (0 0 0)  (12.048699 12.048699 24.079573)
   411    30692.72  6.944900  2.712870 (0 0 0)  (10.541192 10.541192 21.070442)
   412    30692.72  6.944900  2.712870 (0 0 0)  (9.034416 9.034416 18.061311)
   413    30692.72  6.944900  2.712870 (0 0 0)  (7.528267 7.528267 15.052180)
   414    30692.72  6.944900  2.712870 (0 0 0)  (6.022639 6.022639 12.043049)
   415    30692.72  6.944900  2.712870 (0 0 0)  (4.517429 4.517429 9.033918)
   416    30692.72  6.944900  2.712870 (0 0 0)  (3.012533 3.012533 6.024787)
   417    30692.72  6.944900  2.712870 (0 0 0)  (1.507845 1.507845 3.015655)
   418    30692.72  6.944900  2.712870 (0 0 0)  (0.003262 0.003262 0.006524)
419 0 0 0 (0 0 0) (0 0 0)

