BurnedOxidizerInitialCG 9
BurnedOxidizerLastCG    6
BurnedFuelInitialCG     9
BurnedFuelLastCG        6

#Time(s)   Thrust(N)   OxidizerFlowRate(kg/s)  FuelBurnRate(kg/s) OxMOI(kg*m^2) FuelMOI(kg*m^2)  
   0    0.00  0.000000  0.000000 (0 0 0)  (195009.180484 195009.180484 6696.142560)
   1    346961.16  91.446790  35.720000 (0 0 0)  (191607.193486 191607.193486 6656.520417)
   2    346961.16  91.446790  35.720000 (0 0 0)  (188245.231766 188245.231766 6616.898275)
   3    346961.16  91.446790  35.720000 (0 0 0)  (184923.057078 184923.057078 6577.276132)
   4    346961.16  91.446790  35.720000 (0 0 0)  (181640.431176 181640.431176 6537.653989)
   5    346961.16  91.446790  35.720000 (0 0 0)  (178397.115816 178397.115816 6498.031847)
   6    346961.16  91.446790  35.720000 (0 0 0)  (175192.872751 175192.872751 6458.409704)
   7    346961.16  91.446790  35.720000 (0 0 0)  (172027.463735 172027.463735 6418.787561)
   8    346961.16  91.446790  35.720000 (0 0 0)  (168900.650524 168900.650524 6379.165419)
   9    346961.16  91.446790  35.720000 (0 0 0)  (165812.194870 165812.194870 6339.543276)
   10    346961.16  91.446790  35.720000 (0 0 0)  (162761.858529 162761.858529 6299.921133)
   11    346961.16  91.446790  35.720000 (0 0 0)  (159749.403255 159749.403255 6260.298991)
   12    346961.16  91.446790  35.720000 (0 0 0)  (156774.590802 156774.590802 6220.676848)
   13    346961.16  91.446790  35.720000 (0 0 0)  (153837.182924 153837.182924 6181.054705)
   14    346961.16  91.446790  35.720000 (0 0 0)  (150936.941377 150936.941377 6141.432563)
   15    346961.16  91.446790  35.720000 (0 0 0)  (148073.627913 148073.627913 6101.810420)
   16    346961.16  91.446790  35.720000 (0 0 0)  (145247.004288 145247.004288 6062.188277)
   17    346961.16  91.446790  35.720000 (0 0 0)  (142456.832255 142456.832255 6022.566135)
   18    346961.16  91.446790  35.720000 (0 0 0)  (139702.873570 139702.873570 5982.943992)
   19    346961.16  91.446790  35.720000 (0 0 0)  (136984.889985 136984.889985 5943.321849)
   20    346961.16  91.446790  35.720000 (0 0 0)  (134302.643257 134302.643257 5903.699707)
   21    346961.16  91.446790  35.720000 (0 0 0)  (131655.895138 131655.895138 5864.077564)
   22    346961.16  91.446790  35.720000 (0 0 0)  (129044.407384 129044.407384 5824.455421)
   23    346961.16  91.446790  35.720000 (0 0 0)  (126467.941748 126467.941748 5784.833279)
   24    346961.16  91.446790  35.720000 (0 0 0)  (123926.259985 123926.259985 5745.211136)
   25    346961.16  91.446790  35.720000 (0 0 0)  (121419.123850 121419.123850 5705.588994)
   26    346961.16  91.446790  35.720000 (0 0 0)  (118946.295095 118946.295095 5665.966851)
   27    346961.16  91.446790  35.720000 (0 0 0)  (116507.535477 116507.535477 5626.344708)
   28    346961.16  91.446790  35.720000 (0 0 0)  (114102.606749 114102.606749 5586.722566)
   29    346961.16  91.446790  35.720000 (0 0 0)  (111731.270665 111731.270665 5547.100423)
   30    346961.16  91.446790  35.720000 (0 0 0)  (109393.288981 109393.288981 5507.478280)
   31    346961.16  91.446790  35.720000 (0 0 0)  (107088.423449 107088.423449 5467.856138)
   32    346961.16  91.446790  35.720000 (0 0 0)  (104816.435825 104816.435825 5428.233995)
   33    346961.16  91.446790  35.720000 (0 0 0)  (102577.087862 102577.087862 5388.611852)
   34    346961.16  91.446790  35.720000 (0 0 0)  (100370.141315 100370.141315 5348.989710)
   35    346961.16  91.446790  35.720000 (0 0 0)  (98195.357939 98195.357939 5309.367567)
   36    346961.16  91.446790  35.720000 (0 0 0)  (96052.499488 96052.499488 5269.745424)
   37    346961.16  91.446790  35.720000 (0 0 0)  (93941.327715 93941.327715 5230.123282)
   38    346961.16  91.446790  35.720000 (0 0 0)  (91861.604376 91861.604376 5190.501139)
   39    346961.16  91.446790  35.720000 (0 0 0)  (89813.091224 89813.091224 5150.878996)
   40    346961.16  91.446790  35.720000 (0 0 0)  (87795.550015 87795.550015 5111.256854)
   41    346961.16  91.446790  35.720000 (0 0 0)  (85808.742501 85808.742501 5071.634711)
   42    346961.16  91.446790  35.720000 (0 0 0)  (83852.430438 83852.430438 5032.012568)
   43    346961.16  91.446790  35.720000 (0 0 0)  (81926.375580 81926.375580 4992.390426)
   44    346961.16  91.446790  35.720000 (0 0 0)  (80030.339681 80030.339681 4952.768283)
   45    346961.16  91.446790  35.720000 (0 0 0)  (78164.084496 78164.084496 4913.146141)
   46    346961.16  91.446790  35.720000 (0 0 0)  (76327.371778 76327.371778 4873.523998)
   47    346961.16  91.446790  35.720000 (0 0 0)  (74519.963283 74519.963283 4833.901855)
   48    346961.16  91.446790  35.720000 (0 0 0)  (72741.620764 72741.620764 4794.279713)
   49    346961.16  91.446790  35.720000 (0 0 0)  (70992.105976 70992.105976 4754.657570)
   50    346961.16  91.446790  35.720000 (0 0 0)  (69271.180673 69271.180673 4715.035427)
   51    346961.16  91.446790  35.720000 (0 0 0)  (67578.606609 67578.606609 4675.413285)
   52    346961.16  91.446790  35.720000 (0 0 0)  (65914.145539 65914.145539 4635.791142)
   53    346961.16  91.446790  35.720000 (0 0 0)  (64277.559217 64277.559217 4596.168999)
   54    346961.16  91.446790  35.720000 (0 0 0)  (62668.609397 62668.609397 4556.546857)
   55    346961.16  91.446790  35.720000 (0 0 0)  (61087.057834 61087.057834 4516.924714)
   56    346961.16  91.446790  35.720000 (0 0 0)  (59532.666281 59532.666281 4477.302571)
   57    346961.16  91.446790  35.720000 (0 0 0)  (58005.196494 58005.196494 4437.680429)
   58    346961.16  91.446790  35.720000 (0 0 0)  (56504.410227 56504.410227 4398.058286)
   59    346961.16  91.446790  35.720000 (0 0 0)  (55030.069234 55030.069234 4358.436143)
   60    346961.16  91.446790  35.720000 (0 0 0)  (53581.935268 53581.935268 4318.814001)
   61    346961.16  91.446790  35.720000 (0 0 0)  (52159.770085 52159.770085 4279.191858)
   62    346961.16  91.446790  35.720000 (0 0 0)  (50763.335440 50763.335440 4239.569715)
   63    346961.16  91.446790  35.720000 (0 0 0)  (49392.393085 49392.393085 4199.947573)
   64    346961.16  91.446790  35.720000 (0 0 0)  (48046.704775 48046.704775 4160.325430)
   65    346961.16  91.446790  35.720000 (0 0 0)  (46726.032266 46726.032266 4120.703287)
   66    346961.16  91.446790  35.720000 (0 0 0)  (45430.137310 45430.137310 4081.081145)
   67    346961.16  91.446790  35.720000 (0 0 0)  (44158.781663 44158.781663 4041.459002)
   68    346961.16  91.446790  35.720000 (0 0 0)  (42911.727079 42911.727079 4001.836860)
   69    346961.16  91.446790  35.720000 (0 0 0)  (41688.735311 41688.735311 3962.214717)
   70    346961.16  91.446790  35.720000 (0 0 0)  (40489.568115 40489.568115 3922.592574)
   71    346961.16  91.446790  35.720000 (0 0 0)  (39313.987245 39313.987245 3882.970432)
   72    346961.16  91.446790  35.720000 (0 0 0)  (38161.754455 38161.754455 3843.348289)
   73    346961.16  91.446790  35.720000 (0 0 0)  (37032.631498 37032.631498 3803.726146)
   74    346961.16  91.446790  35.720000 (0 0 0)  (35926.380131 35926.380131 3764.104004)
   75    346961.16  91.446790  35.720000 (0 0 0)  (34842.762106 34842.762106 3724.481861)
   76    346961.16  91.446790  35.720000 (0 0 0)  (33781.539179 33781.539179 3684.859718)
   77    346961.16  91.446790  35.720000 (0 0 0)  (32742.473103 32742.473103 3645.237576)
   78    346961.16  91.446790  35.720000 (0 0 0)  (31725.325633 31725.325633 3605.615433)
   79    346961.16  91.446790  35.720000 (0 0 0)  (30729.858523 30729.858523 3565.993290)
   80    346961.16  91.446790  35.720000 (0 0 0)  (29755.833528 29755.833528 3526.371148)
   81    346961.16  91.446790  35.720000 (0 0 0)  (28803.012401 28803.012401 3486.749005)
   82    346961.16  91.446790  35.720000 (0 0 0)  (27871.156898 27871.156898 3447.126862)
   83    346961.16  91.446790  35.720000 (0 0 0)  (26960.028772 26960.028772 3407.504720)
   84    346961.16  91.446790  35.720000 (0 0 0)  (26069.389777 26069.389777 3367.882577)
   85    346961.16  91.446790  35.720000 (0 0 0)  (25199.001669 25199.001669 3328.260434)
   86    346961.16  91.446790  35.720000 (0 0 0)  (24348.626201 24348.626201 3288.638292)
   87    346961.16  91.446790  35.720000 (0 0 0)  (23518.025128 23518.025128 3249.016149)
   88    346961.16  91.446790  35.720000 (0 0 0)  (22706.960203 22706.960203 3209.394007)
   89    346961.16  91.446790  35.720000 (0 0 0)  (21915.193182 21915.193182 3169.771864)
   90    346961.16  91.446790  35.720000 (0 0 0)  (21142.485819 21142.485819 3130.149721)
   91    346961.16  91.446790  35.720000 (0 0 0)  (20388.599868 20388.599868 3090.527579)
   92    346961.16  91.446790  35.720000 (0 0 0)  (19653.297082 19653.297082 3050.905436)
   93    346961.16  91.446790  35.720000 (0 0 0)  (18936.339218 18936.339218 3011.283293)
   94    346961.16  91.446790  35.720000 (0 0 0)  (18237.488028 18237.488028 2971.661151)
   95    346961.16  91.446790  35.720000 (0 0 0)  (17556.505267 17556.505267 2932.039008)
   96    346961.16  91.446790  35.720000 (0 0 0)  (16893.152690 16893.152690 2892.416865)
   97    346961.16  91.446790  35.720000 (0 0 0)  (16247.192051 16247.192051 2852.794723)
   98    346961.16  91.446790  35.720000 (0 0 0)  (15618.385104 15618.385104 2813.172580)
   99    346961.16  91.446790  35.720000 (0 0 0)  (15006.493603 15006.493603 2773.550437)
   100    346961.16  91.446790  35.720000 (0 0 0)  (14411.279303 14411.279303 2733.928295)
   101    346961.16  91.446790  35.720000 (0 0 0)  (13832.503958 13832.503958 2694.306152)
   102    346961.16  91.446790  35.720000 (0 0 0)  (13269.929323 13269.929323 2654.684009)
   103    346961.16  91.446790  35.720000 (0 0 0)  (12723.317151 12723.317151 2615.061867)
   104    346961.16  91.446790  35.720000 (0 0 0)  (12192.429197 12192.429197 2575.439724)
   105    346961.16  91.446790  35.720000 (0 0 0)  (11677.027216 11677.027216 2535.817581)
   106    346961.16  91.446790  35.720000 (0 0 0)  (11176.872961 11176.872961 2496.195439)
   107    346961.16  91.446790  35.720000 (0 0 0)  (10691.728187 10691.728187 2456.573296)
   108    346961.16  91.446790  35.720000 (0 0 0)  (10221.354648 10221.354648 2416.951154)
   109    346961.16  91.446790  35.720000 (0 0 0)  (9765.514099 9765.514099 2377.329011)
   110    346961.16  91.446790  35.720000 (0 0 0)  (9323.968294 9323.968294 2337.706868)
   111    346961.16  91.446790  35.720000 (0 0 0)  (8896.478987 8896.478987 2298.084726)
   112    346961.16  91.446790  35.720000 (0 0 0)  (8482.807933 8482.807933 2258.462583)
   113    346961.16  91.446790  35.720000 (0 0 0)  (8082.716885 8082.716885 2218.840440)
   114    346961.16  91.446790  35.720000 (0 0 0)  (7695.967598 7695.967598 2179.218298)
   115    346961.16  91.446790  35.720000 (0 0 0)  (7322.321827 7322.321827 2139.596155)
   116    346961.16  91.446790  35.720000 (0 0 0)  (6961.541326 6961.541326 2099.974012)
   117    346961.16  91.446790  35.720000 (0 0 0)  (6613.387849 6613.387849 2060.351870)
   118    346961.16  91.446790  35.720000 (0 0 0)  (6277.623150 6277.623150 2020.729727)
   119    346961.16  91.446790  35.720000 (0 0 0)  (5954.008984 5954.008984 1981.107584)
   120    346961.16  91.446790  35.720000 (0 0 0)  (5642.307105 5642.307105 1941.485442)
   121    346961.16  91.446790  35.720000 (0 0 0)  (5342.279267 5342.279267 1901.863299)
   122    346961.16  91.446790  35.720000 (0 0 0)  (5053.687225 5053.687225 1862.241156)
   123    346961.16  91.446790  35.720000 (0 0 0)  (4776.292733 4776.292733 1822.619014)
   124    346961.16  91.446790  35.720000 (0 0 0)  (4509.857546 4509.857546 1782.996871)
   125    346961.16  91.446790  35.720000 (0 0 0)  (4254.143416 4254.143416 1743.374728)
   126    346961.16  91.446790  35.720000 (0 0 0)  (4008.912100 4008.912100 1703.752586)
   127    346961.16  91.446790  35.720000 (0 0 0)  (3773.925351 3773.925351 1664.130443)
   128    346961.16  91.446790  35.720000 (0 0 0)  (3548.944924 3548.944924 1624.508300)
   129    346961.16  91.446790  35.720000 (0 0 0)  (3333.732572 3333.732572 1584.886158)
   130    346961.16  91.446790  35.720000 (0 0 0)  (3128.050050 3128.050050 1545.264015)
   131    346961.16  91.446790  35.720000 (0 0 0)  (2931.659113 2931.659113 1505.641873)
   132    346961.16  91.446790  35.720000 (0 0 0)  (2744.321515 2744.321515 1466.019730)
   133    346961.16  91.446790  35.720000 (0 0 0)  (2565.799010 2565.799010 1426.397587)
   134    346961.16  91.446790  35.720000 (0 0 0)  (2395.853352 2395.853352 1386.775445)
   135    346961.16  91.446790  35.720000 (0 0 0)  (2234.246296 2234.246296 1347.153302)
   136    346961.16  91.446790  35.720000 (0 0 0)  (2080.739596 2080.739596 1307.531159)
   137    346961.16  91.446790  35.720000 (0 0 0)  (1935.095007 1935.095007 1267.909017)
   138    346961.16  91.446790  35.720000 (0 0 0)  (1797.074282 1797.074282 1228.286874)
   139    346961.16  91.446790  35.720000 (0 0 0)  (1666.439176 1666.439176 1188.664731)
   140    346961.16  91.446790  35.720000 (0 0 0)  (1542.951444 1542.951444 1149.042589)
   141    346961.16  91.446790  35.720000 (0 0 0)  (1426.372839 1426.372839 1109.420446)
   142    346961.16  91.446790  35.720000 (0 0 0)  (1316.465116 1316.465116 1069.798303)
   143    346961.16  91.446790  35.720000 (0 0 0)  (1212.990029 1212.990029 1030.176161)
   144    346961.16  91.446790  35.720000 (0 0 0)  (1115.709332 1115.709332 990.554018)
   145    346961.16  91.446790  35.720000 (0 0 0)  (1024.384781 1024.384781 950.931875)
   146    346961.16  91.446790  35.720000 (0 0 0)  (938.778129 938.778129 911.309733)
   147    346961.16  91.446790  35.720000 (0 0 0)  (858.651130 858.651130 871.687590)
   148    346961.16  91.446790  35.720000 (0 0 0)  (783.765539 783.765539 832.065447)
   149    346961.16  91.446790  35.720000 (0 0 0)  (713.883111 713.883111 792.443305)
   150    346961.16  91.446790  35.720000 (0 0 0)  (648.765598 648.765598 752.821162)
   151    346961.16  91.446790  35.720000 (0 0 0)  (588.174757 588.174757 713.199020)
   152    346961.16  91.446790  35.720000 (0 0 0)  (531.872340 531.872340 673.576877)
   153    346961.16  91.446790  35.720000 (0 0 0)  (479.620103 479.620103 633.954734)
   154    346961.16  91.446790  35.720000 (0 0 0)  (431.179800 431.179800 594.332592)
   155    346961.16  91.446790  35.720000 (0 0 0)  (386.313185 386.313185 554.710449)
   156    346961.16  91.446790  35.720000 (0 0 0)  (344.782011 344.782011 515.088306)
   157    346961.16  91.446790  35.720000 (0 0 0)  (306.348035 306.348035 475.466164)
   158    346961.16  91.446790  35.720000 (0 0 0)  (270.773010 270.773010 435.844021)
   159    346961.16  91.446790  35.720000 (0 0 0)  (237.818689 237.818689 396.221878)
   160    346961.16  91.446790  35.720000 (0 0 0)  (207.246829 207.246829 356.599736)
   161    346961.16  91.446790  35.720000 (0 0 0)  (178.819182 178.819182 316.977593)
   162    346961.16  91.446790  35.720000 (0 0 0)  (152.297503 152.297503 277.355450)
   163    346961.16  91.446790  35.720000 (0 0 0)  (127.443547 127.443547 237.733308)
 164    346961.16  91.446790  35.720000 (0 0 0)  (104.019068 104.019068 198.111165)