# Motor Definition File: 2019_Definition_Draft

# Amount of white space between each value is not important, there just needs to be some
# Thrust curve will be linearly interpolated between the given values
# Time(s) should be relative to motor ignition

# Unburned fuel/oxidizer not currently accounted for, could be added in as a fixed mass?
# Engine/Tank structure mass should be accounted for separately - the motor only accounts for propellant masses
# MOI = Moment of Inertia
    # It is assumed that oxidizer and fuel MOIs are always defined about the current CG of the oxidizer and fuel, respectively
# To represent a solid rocket motor, simply put all of the MOI/CG/Flowrate info in either the fuel or oxidizer columns and set the other one to zero

# Meters, all Z-coordinate, assumed centered. Relative to stage position
BurnedOxidizerInitialCG 1.46
BurnedOxidizerLastCG    2.93
BurnedFuelInitialCG     4.21
BurnedFuelLastCG        5.49

  
  
  
#  Time   Thrust Oxy_RateFuel_Rate                Oxy_MOI                                             Fuel_MOI
   0       0       0       0            (54584.53  54584.53  58880.44)                      (54584.53  54584.53  58880.44)
   1    465844.6 101.63  39.70          (54282.06  54282.06  58710.26)                      (54282.06  54282.06  58710.26)
   2    465844.6 101.63  39.70          (53980.85  53980.85  58540.09)                      (53980.85  53980.85  58540.09)
   3    465844.6 101.63  39.70          (53680.88  53680.88  58369.91)                      (53680.88  53680.88  58369.91)
   4    465844.6 101.63  39.70          (53382.17  53382.17  58199.74)                      (53382.17  53382.17  58199.74)
   5    465844.6 101.63  39.70          (53084.7  53084.7  58029.56)                        (53084.7  53084.7  58029.56)
   6    465844.6 101.63  39.70          (52788.48  52788.48  57859.39)                      (52788.48  52788.48  57859.39)
   7    465844.6 101.63  39.70          (52493.49  52493.49  57689.21)                      (52493.49  52493.49  57689.21)
   8    465844.6 101.63  39.70          (52199.74  52199.74  57519.04)                      (52199.74  52199.74  57519.04)
   9    465844.6 101.63  39.70          (51907.22  51907.22  57348.86)                      (51907.22  51907.22  57348.86)
   10   465844.6 101.63  39.70          (51615.92  51615.92  57178.69)                      (51615.92  51615.92  57178.69)
   11   465844.6 101.63  39.70          (51325.85  51325.85  57008.51)                      (51325.85  51325.85  57008.51)
   12   465844.6 101.63  39.70           (51037  51037  56838.34)                            (51037  51037  56838.34)
   13   465844.6 101.63  39.70          (50749.37  50749.37  56668.16)                      (50749.37  50749.37  56668.16)
   14   465844.6 101.63  39.70          (50462.95  50462.95  56497.99)                      (50462.95  50462.95  56497.99)
   15   465844.6 101.63  39.70          (50177.73  50177.73  56327.82)                      (50177.73  50177.73  56327.82)
   16   465844.6 101.63  39.70          (49893.73  49893.73  56157.64)                      (49893.73  49893.73  56157.64)
   17   465844.6 101.63  39.70          (49610.92  49610.92  55987.47)                      (49610.92  49610.92  55987.47)
   18   465844.6 101.63  39.70          (49329.32  49329.32  55817.29)                      (49329.32  49329.32  55817.29)
   19   465844.6 101.63  39.70          (49048.91  49048.91  55647.12)                      (49048.91  49048.91  55647.12)
   20   465844.6 101.63  39.70          (48769.68  48769.68  55476.94)                      (48769.68  48769.68  55476.94)
   21   465844.6 101.63  39.70          (48491.65  48491.65  55306.77)                      (48491.65  48491.65  55306.77)
   22   465844.6 101.63  39.70          (48214.8  48214.8  55136.59)                        (48214.8  48214.8  55136.59)
   23   465844.6 101.63  39.70          (47939.13  47939.13  54966.42)                      (47939.13  47939.13  54966.42)
   24   465844.6 101.63  39.70          (47664.64  47664.64  54796.24)                      (47664.64  47664.64  54796.24)
   25   465844.6 101.63  39.70          (47391.32  47391.32  54626.07)                      (47391.32  47391.32  54626.07)
   26   465844.6 101.63  39.70          (47119.17  47119.17  54455.89)                      (47119.17  47119.17  54455.89)
   27   465844.6 101.63  39.70          (46848.18  46848.18  54285.72)                      (46848.18  46848.18  54285.72)
   28   465844.6 101.63  39.70          (46578.36  46578.36  54115.54)                      (46578.36  46578.36  54115.54)
   29   465844.6 101.63  39.70          (46309.7  46309.7  53945.37)                        (46309.7  46309.7  53945.37)
   30   465844.6 101.63  39.70          (46042.18  46042.18  53775.2)                       (46042.18  46042.18  53775.2)
   31   465844.6 101.63  39.70          (45775.82  45775.82  53605.02)                      (45775.82  45775.82  53605.02)
   32   465844.6 101.63  39.70          (45510.61  45510.61  53434.85)                      (45510.61  45510.61  53434.85)
   33   465844.6 101.63  39.70          (45246.54  45246.54  53264.67)                      (45246.54  45246.54  53264.67)
   34   465844.6 101.63  39.70          (44983.61  44983.61  53094.5)                       (44983.61  44983.61  53094.5)
   35   465844.6 101.63  39.70          (44721.82  44721.82  52924.32)                      (44721.82  44721.82  52924.32)
   36   465844.6 101.63  39.70          (44461.16  44461.16  52754.15)                      (44461.16  44461.16  52754.15)
   37   465844.6 101.63  39.70          (44201.63  44201.63  52583.97)                      (44201.63  44201.63  52583.97)
   38   465844.6 101.63  39.70          (43943.23  43943.23  52413.8)                       (43943.23  43943.23  52413.8)
   39   465844.6 101.63  39.70          (43685.94  43685.94  52243.62)                      (43685.94  43685.94  52243.62)
   40   465844.6 101.63  39.70          (43429.78  43429.78  52073.45)                      (43429.78  43429.78  52073.45)
   41   465844.6 101.63  39.70          (43174.73  43174.73  51903.27)                      (43174.73  43174.73  51903.27)
   42   465844.6 101.63  39.70          (42920.79  42920.79  51733.1)                       (42920.79  42920.79  51733.1)
   43   465844.6 101.63  39.70          (42667.95  42667.95  51562.92)                      (42667.95  42667.95  51562.92)
   44   465844.6 101.63  39.70          (42416.22  42416.22  51392.75)                      (42416.22  42416.22  51392.75)
   45   465844.6 101.63  39.70          (42165.6  42165.6  51222.58)                        (42165.6  42165.6  51222.58)
   46   465844.6 101.63  39.70          (41916.06  41916.06  51052.4)                       (41916.06  41916.06  51052.4)
   47   465844.6 101.63  39.70          (41667.62  41667.62  50882.23)                      (41667.62  41667.62  50882.23)
   48   465844.6 101.63  39.70          (41420.27  41420.27  50712.05)                      (41420.27  41420.27  50712.05)
   49   465844.6 101.63  39.70          (41174.01  41174.01  50541.88)                      (41174.01  41174.01  50541.88)
   50   465844.6 101.63  39.70          (40928.82  40928.82  50371.7)                       (40928.82  40928.82  50371.7)
   51   465844.6 101.63  39.70          (40684.72  40684.72  50201.53)                      (40684.72  40684.72  50201.53)
   52   465844.6 101.63  39.70          (40441.68  40441.68  50031.35)                      (40441.68  40441.68  50031.35)
   53   465844.6 101.63  39.70          (40199.72  40199.72  49861.18)                      (40199.72  40199.72  49861.18)
   54   465844.6 101.63  39.70          (39958.83  39958.83  49691)                         (39958.83  39958.83  49691)
   55   465844.6 101.63  39.70           (39719  39719  49520.83)                            (39719  39719  49520.83)
   56   465844.6 101.63  39.70          (39480.23  39480.23  49350.65)                      (39480.23  39480.23  49350.65)
   57   465844.6 101.63  39.70          (39242.51  39242.51  49180.48)                      (39242.51  39242.51  49180.48)
   58   465844.6 101.63  39.70          (39005.85  39005.85  49010.3)                       (39005.85  39005.85  49010.3)
   59   465844.6 101.63  39.70          (38770.24  38770.24  48840.13)                      (38770.24  38770.24  48840.13)
   60   465844.6 101.63  39.70          (38535.67  38535.67  48669.95)                      (38535.67  38535.67  48669.95)
   61   465844.6 101.63  39.70          (38302.15  38302.15  48499.78)                      (38302.15  38302.15  48499.78)
   62   465844.6 101.63  39.70          (38069.66  38069.66  48329.61)                      (38069.66  38069.66  48329.61)
   63   465844.6 101.63  39.70          (37838.21  37838.21  48159.43)                      (37838.21  37838.21  48159.43)
   64   465844.6 101.63  39.70          (37607.79  37607.79  47989.26)                      (37607.79  37607.79  47989.26)
   65   465844.6 101.63  39.70          (37378.39  37378.39  47819.08)                      (37378.39  37378.39  47819.08)
   66   465844.6 101.63  39.70          (37150.02  37150.02  47648.91)                      (37150.02  37150.02  47648.91)
   67   465844.6 101.63  39.70          (36922.67  36922.67  47478.73)                      (36922.67  36922.67  47478.73)
   68   465844.6 101.63  39.70          (36696.33  36696.33  47308.56)                      (36696.33  36696.33  47308.56)
   69   465844.6 101.63  39.70          (36471.01  36471.01  47138.38)                      (36471.01  36471.01  47138.38)
   70   465844.6 101.63  39.70          (36246.69  36246.69  46968.21)                      (36246.69  36246.69  46968.21)
   71   465844.6 101.63  39.70          (36023.38  36023.38  46798.03)                      (36023.38  36023.38  46798.03)
   72   465844.6 101.63  39.70          (35801.08  35801.08  46627.86)                      (35801.08  35801.08  46627.86)
   73   465844.6 101.63  39.70          (35579.77  35579.77  46457.68)                      (35579.77  35579.77  46457.68)
   74   465844.6 101.63  39.70          (35359.45  35359.45  46287.51)                      (35359.45  35359.45  46287.51)
   75   465844.6 101.63  39.70          (35140.13  35140.13  46117.33)                      (35140.13  35140.13  46117.33)
   76   465844.6 101.63  39.70          (34921.79  34921.79  45947.16)                      (34921.79  34921.79  45947.16)
   77   465844.6 101.63  39.70          (34704.44  34704.44  45776.99)                      (34704.44  34704.44  45776.99)
   78   465844.6 101.63  39.70          (34488.06  34488.06  45606.81)                      (34488.06  34488.06  45606.81)
   79   465844.6 101.63  39.70          (34272.66  34272.66  45436.64)                      (34272.66  34272.66  45436.64)
   80   465844.6 101.63  39.70          (34058.24  34058.24  45266.46)                      (34058.24  34058.24  45266.46)
   81   465844.6 101.63  39.70          (33844.78  33844.78  45096.29)                      (33844.78  33844.78  45096.29)
   82   465844.6 101.63  39.70          (33632.29  33632.29  44926.11)                      (33632.29  33632.29  44926.11)
   83   465844.6 101.63  39.70          (33420.76  33420.76  44755.94)                      (33420.76  33420.76  44755.94)
   84   465844.6 101.63  39.70          (33210.19  33210.19  44585.76)                      (33210.19  33210.19  44585.76)
   85   465844.6 101.63  39.70          (33000.57  33000.57  44415.59)                      (33000.57  33000.57  44415.59)
   86   465844.6 101.63  39.70          (32791.9  32791.9  44245.41)                        (32791.9  32791.9  44245.41)
   87   465844.6 101.63  39.70          (32584.18  32584.18  44075.24)                      (32584.18  32584.18  44075.24)
   88   465844.6 101.63  39.70          (32377.4  32377.4  43905.06)                        (32377.4  32377.4  43905.06)
   89   465844.6 101.63  39.70          (32171.56  32171.56  43734.89)                      (32171.56  32171.56  43734.89)
   90   465844.6 101.63  39.70          (31966.66  31966.66  43564.71)                      (31966.66  31966.66  43564.71)
   91   465844.6 101.63  39.70          (31762.69  31762.69  43394.54)                      (31762.69  31762.69  43394.54)
   92   465844.6 101.63  39.70          (31559.65  31559.65  43224.37)                      (31559.65  31559.65  43224.37)
   93   465844.6 101.63  39.70          (31357.54  31357.54  43054.19)                      (31357.54  31357.54  43054.19)
   94   465844.6 101.63  39.70          (31156.35  31156.35  42884.02)                      (31156.35  31156.35  42884.02)
   95   465844.6 101.63  39.70          (30956.07  30956.07  42713.84)                      (30956.07  30956.07  42713.84)
   96   465844.6 101.63  39.70          (30756.71  30756.71  42543.67)                      (30756.71  30756.71  42543.67)
   97   465844.6 101.63  39.70          (30558.26  30558.26  42373.49)                      (30558.26  30558.26  42373.49)
   98   465844.6 101.63  39.70          (30360.71  30360.71  42203.32)                      (30360.71  30360.71  42203.32)
   99   465844.6 101.63  39.70          (30164.07  30164.07  42033.14)                      (30164.07  30164.07  42033.14)
  100   465844.6 101.63  39.70          (29968.33  29968.33  41862.97)                      (29968.33  29968.33  41862.97)
  101   465844.6 101.63  39.70          (29773.48  29773.48  41692.79)                      (29773.48  29773.48  41692.79)
  102   465844.6 101.63  39.70          (29579.53  29579.53  41522.62)                      (29579.53  29579.53  41522.62)
  103   465844.6 101.63  39.70          (29386.47  29386.47  41352.44)                      (29386.47  29386.47  41352.44)
  104   465844.6 101.63  39.70          (29194.29  29194.29  41182.27)                      (29194.29  29194.29  41182.27)
  105   465844.6 101.63  39.70          (29002.99  29002.99  41012.09)                      (29002.99  29002.99  41012.09)
  106   465844.6 101.63  39.70          (28812.57  28812.57  40841.92)                      (28812.57  28812.57  40841.92)
  107   465844.6 101.63  39.70          (28623.02  28623.02  40671.75)                      (28623.02  28623.02  40671.75)
  108   465844.6 101.63  39.70          (28434.35  28434.35  40501.57)                      (28434.35  28434.35  40501.57)
  109   465844.6 101.63  39.70          (28246.54  28246.54  40331.4)                       (28246.54  28246.54  40331.4)
  110   465844.6 101.63  39.70          (28059.59  28059.59  40161.22)                      (28059.59  28059.59  40161.22)
  111   465844.6 101.63  39.70          (27873.51  27873.51  39991.05)                      (27873.51  27873.51  39991.05)
  112   465844.6 101.63  39.70          (27688.28  27688.28  39820.87)                      (27688.28  27688.28  39820.87)
  113   465844.6 101.63  39.70          (27503.9  27503.9  39650.7)                         (27503.9  27503.9  39650.7)
  114   465844.6 101.63  39.70          (27320.37  27320.37  39480.52)                      (27320.37  27320.37  39480.52)
  115   465844.6 101.63  39.70          (27137.69  27137.69  39310.35)                      (27137.69  27137.69  39310.35)
  116   465844.6 101.63  39.70          (26955.84  26955.84  39140.17)                      (26955.84  26955.84  39140.17)
  117   465844.6 101.63  39.70          (26774.84  26774.84  38970)                         (26774.84  26774.84  38970)
  118   465844.6 101.63  39.70          (26594.67  26594.67  38799.82)                      (26594.67  26594.67  38799.82)
  119   465844.6 101.63  39.70          (26415.33  26415.33  38629.65)                      (26415.33  26415.33  38629.65)
  120   465844.6 101.63  39.70          (26236.81  26236.81  38459.47)                      (26236.81  26236.81  38459.47)
  121   465844.6 101.63  39.70          (26059.12  26059.12  38289.3)                       (26059.12  26059.12  38289.3)
  122   465844.6 101.63  39.70          (25882.25  25882.25  38119.13)                      (25882.25  25882.25  38119.13)
  123   465844.6 101.63  39.70          (25706.2  25706.2  37948.95)                        (25706.2  25706.2  37948.95)
  124   465844.6 101.63  39.70          (25530.95  25530.95  37778.78)                      (25530.95  25530.95  37778.78)
  125   465844.6 101.63  39.70          (25356.52  25356.52  37608.6)                       (25356.52  25356.52  37608.6)
  126   465844.6 101.63  39.70          (25182.89  25182.89  37438.43)                      (25182.89  25182.89  37438.43)
  127   465844.6 101.63  39.70          (25010.06  25010.06  37268.25)                      (25010.06  25010.06  37268.25)
  128   465844.6 101.63  39.70          (24838.03  24838.03  37098.08)                      (24838.03  24838.03  37098.08)
  129   465844.6 101.63  39.70          (24666.79  24666.79  36927.9)                       (24666.79  24666.79  36927.9)
  130   465844.6 101.63  39.70          (24496.35  24496.35  36757.73)                      (24496.35  24496.35  36757.73)
  131   465844.6 101.63  39.70          (24326.69  24326.69  36587.55)                      (24326.69  24326.69  36587.55)
  132   465844.6 101.63  39.70          (24157.81  24157.81  36417.38)                      (24157.81  24157.81  36417.38)
  133   465844.6 101.63  39.70          (23989.71  23989.71  36247.2)                       (23989.71  23989.71  36247.2)
  134   465844.6 101.63  39.70          (23822.39  23822.39  36077.03)                      (23822.39  23822.39  36077.03)
  135   465844.6 101.63  39.70          (23655.84  23655.84  35906.85)                      (23655.84  23655.84  35906.85)
  136   465844.6 101.63  39.70          (23490.06  23490.06  35736.68)                      (23490.06  23490.06  35736.68)
  137   465844.6 101.63  39.70          (23325.05  23325.05  35566.51)                      (23325.05  23325.05  35566.51)
  138   465844.6 101.63  39.70          (23160.79  23160.79  35396.33)                      (23160.79  23160.79  35396.33)
  139   465844.6 101.63  39.70          (22997.3  22997.3  35226.16)                        (22997.3  22997.3  35226.16)
  140   465844.6 101.63  39.70          (22834.55  22834.55  35055.98)                      (22834.55  22834.55  35055.98)
  141   465844.6 101.63  39.70          (22672.56  22672.56  34885.81)                      (22672.56  22672.56  34885.81)
  142   465844.6 101.63  39.70          (22511.31  22511.31  34715.63)                      (22511.31  22511.31  34715.63)
  143   465844.6 101.63  39.70          (22350.81  22350.81  34545.46)                      (22350.81  22350.81  34545.46)
  144   465844.6 101.63  39.70          (22191.05  22191.05  34375.28)                      (22191.05  22191.05  34375.28)
  145   465844.6 101.63  39.70          (22032.02  22032.02  34205.11)                      (22032.02  22032.02  34205.11)
  146   465844.6 101.63  39.70          (21873.72  21873.72  34034.93)                      (21873.72  21873.72  34034.93)
  147   465844.6 101.63  39.70          (21716.15  21716.15  33864.76)                      (21716.15  21716.15  33864.76)
  148   465844.6 101.63  39.70          (21559.31  21559.31  33694.58)                      (21559.31  21559.31  33694.58)
  149   465844.6 101.63  39.70          (21403.19  21403.19  33524.41)                      (21403.19  21403.19  33524.41)
  150   465844.6 101.63  39.70          (21247.79  21247.79  33354.23)                      (21247.79  21247.79  33354.23)
  151   465844.6 101.63  39.70          (21093.1  21093.1  33184.06)                        (21093.1  21093.1  33184.06)
  152   465844.6 101.63  39.70          (20939.12  20939.12  33013.89)                      (20939.12  20939.12  33013.89)
  153   465844.6 101.63  39.70          (20785.84  20785.84  32843.71)                      (20785.84  20785.84  32843.71)
  154   465844.6 101.63  39.70          (20633.27  20633.27  32673.54)                      (20633.27  20633.27  32673.54)
  155   465844.6 101.63  39.70          (20481.4  20481.4  32503.36)                        (20481.4  20481.4  32503.36)
  156   465844.6 101.63  39.70          (20330.23  20330.23  32333.19)                      (20330.23  20330.23  32333.19)
  157   465844.6 101.63  39.70          (20179.74  20179.74  32163.01)                      (20179.74  20179.74  32163.01)
  158   465844.6 101.63  39.70          (20029.95  20029.95  31992.84)                      (20029.95  20029.95  31992.84)
  159   465844.6 101.63  39.70          (19880.84  19880.84  31822.66)                      (19880.84  19880.84  31822.66)
  160   465844.6 101.63  39.70          (19732.41  19732.41  31652.49)                      (19732.41  19732.41  31652.49)
  161   465844.6 101.63  39.70          (19584.66  19584.66  31482.31)                      (19584.66  19584.66  31482.31)
  162   465844.6 101.63  39.70          (19437.58  19437.58  31312.14)                      (19437.58  19437.58  31312.14)
  163   465844.6 101.63  39.70          (19291.17  19291.17  31141.96)                      (19291.17  19291.17  31141.96)
  164   465844.6 101.63  39.70          (19145.43  19145.43  30971.79)                      (19145.43  19145.43  30971.79)
  165   465844.6 101.63  39.70          (19000.35  19000.35  30801.61)                      (19000.35  19000.35  30801.61)
  166   465844.6 101.63  39.70          (18855.93  18855.93  30631.44)                      (18855.93  18855.93  30631.44)
  167   465844.6 101.63  39.70          (18712.17  18712.17  30461.27)                      (18712.17  18712.17  30461.27)
  168   465844.6 101.63  39.70          (18569.06  18569.06  30291.09)                      (18569.06  18569.06  30291.09)
  169   465844.6 101.63  39.70          (18426.59  18426.59  30120.92)                      (18426.59  18426.59  30120.92)
  170   465844.6 101.63  39.70          (18284.77  18284.77  29950.74)                      (18284.77  18284.77  29950.74)
  171   465844.6 101.63  39.70          (18143.6  18143.6  29780.57)                        (18143.6  18143.6  29780.57)
  172   465844.6 101.63  39.70          (18003.05  18003.05  29610.39)                      (18003.05  18003.05  29610.39)
  173   465844.6 101.63  39.70          (17863.15  17863.15  29440.22)                      (17863.15  17863.15  29440.22)
  174   465844.6 101.63  39.70          (17723.87  17723.87  29270.04)                      (17723.87  17723.87  29270.04)
  175   465844.6 101.63  39.70          (17585.22  17585.22  29099.87)                      (17585.22  17585.22  29099.87)
  176   465844.6 101.63  39.70          (17447.19  17447.19  28929.69)                      (17447.19  17447.19  28929.69)
  177   465844.6 101.63  39.70          (17309.79  17309.79  28759.52)                      (17309.79  17309.79  28759.52)
  178   465844.6 101.63  39.70          (17172.99  17172.99  28589.34)                      (17172.99  17172.99  28589.34)
  179   465844.6 101.63  39.70          (17036.81  17036.81  28419.17)                      (17036.81  17036.81  28419.17)
  180   465844.6 101.63  39.70          (16901.24  16901.24  28248.99)                      (16901.24  16901.24  28248.99)
  181   465844.6 101.63  39.70          (16766.27  16766.27  28078.82)                      (16766.27  16766.27  28078.82)
  182   465844.6 101.63  39.70          (16631.91  16631.91  27908.65)                      (16631.91  16631.91  27908.65)
  183   465844.6 101.63  39.70          (16498.14  16498.14  27738.47)                      (16498.14  16498.14  27738.47)
  184   465844.6 101.63  39.70          (16364.96  16364.96  27568.3)                       (16364.96  16364.96  27568.3)
  185   465844.6 101.63  39.70          (16232.38  16232.38  27398.12)                      (16232.38  16232.38  27398.12)
  186   465844.6 101.63  39.70          (16100.38  16100.38  27227.95)                      (16100.38  16100.38  27227.95)
  187   465844.6 101.63  39.70          (15968.96  15968.96  27057.77)                      (15968.96  15968.96  27057.77)
  188   465844.6 101.63  39.70          (15838.12  15838.12  26887.6)                       (15838.12  15838.12  26887.6)
  189   465844.6 101.63  39.70          (15707.86  15707.86  26717.42)                      (15707.86  15707.86  26717.42)
  190   465844.6 101.63  39.70          (15578.17  15578.17  26547.25)                      (15578.17  15578.17  26547.25)
  191   465844.6 101.63  39.70          (15449.05  15449.05  26377.07)                      (15449.05  15449.05  26377.07)
  192   465844.6 101.63  39.70          (15320.49  15320.49  26206.9)                       (15320.49  15320.49  26206.9)
  193   465844.6 101.63  39.70          (15192.49  15192.49  26036.72)                      (15192.49  15192.49  26036.72)
  194   465844.6 101.63  39.70          (15065.05  15065.05  25866.55)                      (15065.05  15065.05  25866.55)
  195   465844.6 101.63  39.70          (14938.17  14938.17  25696.37)                      (14938.17  14938.17  25696.37)
  196   465844.6 101.63  39.70          (14811.83  14811.83  25526.2)                       (14811.83  14811.83  25526.2)
  197   465844.6 101.63  39.70          (14686.04  14686.04  25356.03)                      (14686.04  14686.04  25356.03)
  198   465844.6 101.63  39.70          (14560.8  14560.8  25185.85)                        (14560.8  14560.8  25185.85)
  199   465844.6 101.63  39.70          (14436.09  14436.09  25015.68)                      (14436.09  14436.09  25015.68)
  200   465844.6 101.63  39.70          (14311.92  14311.92  24845.5)                       (14311.92  14311.92  24845.5)
  201   465844.6 101.63  39.70          (14188.28  14188.28  24675.33)                      (14188.28  14188.28  24675.33)
  202   465844.6 101.63  39.70          (14065.16  14065.16  24505.15)                      (14065.16  14065.16  24505.15)
  203   465844.6 101.63  39.70          (13942.58  13942.58  24334.98)                      (13942.58  13942.58  24334.98)
  204   465844.6 101.63  39.70          (13820.51  13820.51  24164.8)                       (13820.51  13820.51  24164.8)
  205   465844.6 101.63  39.70          (13698.96  13698.96  23994.63)                      (13698.96  13698.96  23994.63)
  206   465844.6 101.63  39.70          (13577.92  13577.92  23824.45)                      (13577.92  13577.92  23824.45)
  207   465844.6 101.63  39.70          (13457.4  13457.4  23654.28)                        (13457.4  13457.4  23654.28)
  208   465844.6 101.63  39.70          (13337.38  13337.38  23484.1)                       (13337.38  13337.38  23484.1)
  209   465844.6 101.63  39.70          (13217.86  13217.86  23313.93)                      (13217.86  13217.86  23313.93)
  210   465844.6 101.63  39.70          (13098.84  13098.84  23143.75)                      (13098.84  13098.84  23143.75)
  211   465844.6 101.63  39.70          (12980.32  12980.32  22973.58)                      (12980.32  12980.32  22973.58)
  212   465844.6 101.63  39.70          (12862.28  12862.28  22803.41)                      (12862.28  12862.28  22803.41)
  213   465844.6 101.63  39.70          (12744.74  12744.74  22633.23)                      (12744.74  12744.74  22633.23)
  214   465844.6 101.63  39.70          (12627.68  12627.68  22463.06)                      (12627.68  12627.68  22463.06)
  215   465844.6 101.63  39.70          (12511.1  12511.1  22292.88)                        (12511.1  12511.1  22292.88)
  216   465844.6 101.63  39.70           (12395  12395  22122.71)                            (12395  12395  22122.71)
  217   465844.6 101.63  39.70          (12279.37  12279.37  21952.53)                      (12279.37  12279.37  21952.53)
  218   465844.6 101.63  39.70          (12164.22  12164.22  21782.36)                      (12164.22  12164.22  21782.36)
  219   465844.6 101.63  39.70          (12049.53  12049.53  21612.18)                      (12049.53  12049.53  21612.18)
  220   465844.6 101.63  39.70          (11935.3  11935.3  21442.01)                        (11935.3  11935.3  21442.01)
  221   465844.6 101.63  39.70          (11821.53  11821.53  21271.83)                      (11821.53  11821.53  21271.83)
  222   465844.6 101.63  39.70          (11708.21  11708.21  21101.66)                      (11708.21  11708.21  21101.66)
  223   465844.6 101.63  39.70          (11595.35  11595.35  20931.48)                      (11595.35  11595.35  20931.48)
  224   465844.6 101.63  39.70          (11482.93  11482.93  20761.31)                      (11482.93  11482.93  20761.31)
  225   465844.6 101.63  39.70          (11370.96  11370.96  20591.13)                      (11370.96  11370.96  20591.13)
  226   465844.6 101.63  39.70          (11259.43  11259.43  20420.96)                      (11259.43  11259.43  20420.96)
  227   465844.6 101.63  39.70          (11148.34  11148.34  20250.79)                      (11148.34  11148.34  20250.79)
  228   465844.6 101.63  39.70          (11037.68  11037.68  20080.61)                      (11037.68  11037.68  20080.61)
  229   465844.6 101.63  39.70          (10927.45  10927.45  19910.44)                      (10927.45  10927.45  19910.44)
  230   465844.6 101.63  39.70          (10817.64  10817.64  19740.26)                      (10817.64  10817.64  19740.26)
  231   465844.6 101.63  39.70          (10708.26  10708.26  19570.09)                      (10708.26  10708.26  19570.09)
  232   465844.6 101.63  39.70          (10599.3  10599.3  19399.91)                        (10599.3  10599.3  19399.91)
  233   465844.6 101.63  39.70          (10490.75  10490.75  19229.74)                      (10490.75  10490.75  19229.74)
  234   465844.6 101.63  39.70          (10382.62  10382.62  19059.56)                      (10382.62  10382.62  19059.56)
  235   465844.6 101.63  39.70          (10274.89  10274.89  18889.39)                      (10274.89  10274.89  18889.39)
  236   465844.6 101.63  39.70          (10167.57  10167.57  18719.21)                      (10167.57  10167.57  18719.21)
  237   465844.6 101.63  39.70          (10060.64  10060.64  18549.04)                      (10060.64  10060.64  18549.04)
  238   465844.6 101.63  39.70          (9954.12  9954.12  18378.86)                        (9954.12  9954.12  18378.86)
  239   465844.6 101.63  39.70          (9847.98  9847.98  18208.69)                        (9847.98  9847.98  18208.69)
  240   465844.6 101.63  39.70          (9742.24  9742.24  18038.51)                        (9742.24  9742.24  18038.51)
  241   465844.6 101.63  39.70          (9636.89  9636.89  17868.34)                        (9636.89  9636.89  17868.34)
  242   465844.6 101.63  39.70          (9531.91  9531.91  17698.17)                        (9531.91  9531.91  17698.17)
  243   465844.6 101.63  39.70          (9427.32  9427.32  17527.99)                        (9427.32  9427.32  17527.99)
  244   465844.6 101.63  39.70          (9323.1  9323.1  17357.82)                          (9323.1  9323.1  17357.82)
  245   465844.6 101.63  39.70          (9219.25  9219.25  17187.64)                        (9219.25  9219.25  17187.64)
  246   465844.6 101.63  39.70          (9115.77  9115.77  17017.47)                        (9115.77  9115.77  17017.47)
  247   465844.6 101.63  39.70          (9012.65  9012.65  16847.29)                        (9012.65  9012.65  16847.29)
  248   465844.6 101.63  39.70          (8909.89  8909.89  16677.12)                        (8909.89  8909.89  16677.12)
  249   465844.6 101.63  39.70          (8807.49  8807.49  16506.94)                        (8807.49  8807.49  16506.94)
  250   465844.6 101.63  39.70          (8705.45  8705.45  16336.77)                        (8705.45  8705.45  16336.77)
  251   465844.6 101.63  39.70          (8603.75  8603.75  16166.59)                        (8603.75  8603.75  16166.59)
  252   465844.6 101.63  39.70          (8502.4  8502.4  15996.42)                          (8502.4  8502.4  15996.42)
  253   465844.6 101.63  39.70          (8401.39  8401.39  15826.24)                        (8401.39  8401.39  15826.24)
  254   465844.6 101.63  39.70          (8300.72  8300.72  15656.07)                        (8300.72  8300.72  15656.07)
  255   465844.6 101.63  39.70          (8200.39  8200.39  15485.89)                        (8200.39  8200.39  15485.89)
  256   465844.6 101.63  39.70          (8100.39  8100.39  15315.72)                        (8100.39  8100.39  15315.72)
  257   465844.6 101.63  39.70          (8000.71  8000.71  15145.55)                        (8000.71  8000.71  15145.55)
  258   465844.6 101.63  39.70          (7901.36  7901.36  14975.37)                        (7901.36  7901.36  14975.37)
  259   465844.6 101.63  39.70          (7802.33  7802.33  14805.2)                         (7802.33  7802.33  14805.2)
  260   465844.6 101.63  39.70          (7703.62  7703.62  14635.02)                        (7703.62  7703.62  14635.02)
  261   465844.6 101.63  39.70          (7605.22  7605.22  14464.85)                        (7605.22  7605.22  14464.85)
  262   465844.6 101.63  39.70          (7507.13  7507.13  14294.67)                        (7507.13  7507.13  14294.67)
  263   465844.6 101.63  39.70          (7409.34  7409.34  14124.5)                         (7409.34  7409.34  14124.5)
  264   465844.6 101.63  39.70          (7311.86  7311.86  13954.32)                        (7311.86  7311.86  13954.32)
  265   465844.6 101.63  39.70          (7214.68  7214.68  13784.15)                        (7214.68  7214.68  13784.15)
  266   465844.6 101.63  39.70          (7117.79  7117.79  13613.97)                        (7117.79  7117.79  13613.97)
  267   465844.6 101.63  39.70          (7021.19  7021.19  13443.8)                         (7021.19  7021.19  13443.8)
  268   465844.6 101.63  39.70          (6924.88  6924.88  13273.62)                        (6924.88  6924.88  13273.62)
  269   465844.6 101.63  39.70          (6828.85  6828.85  13103.45)                        (6828.85  6828.85  13103.45)
  270   465844.6 101.63  39.70          (6733.11  6733.11  12933.27)                        (6733.11  6733.11  12933.27)
  271   465844.6 101.63  39.70          (6637.64  6637.64  12763.1)                         (6637.64  6637.64  12763.1)
  272   465844.6 101.63  39.70          (6542.45  6542.45  12592.93)                        (6542.45  6542.45  12592.93)
  273   465844.6 101.63  39.70          (6447.52  6447.52  12422.75)                        (6447.52  6447.52  12422.75)
  274   465844.6 101.63  39.70          (6352.86  6352.86  12252.58)                        (6352.86  6352.86  12252.58)
  275   465844.6 101.63  39.70          (6258.46  6258.46  12082.4)                         (6258.46  6258.46  12082.4)
  276   465844.6 101.63  39.70          (6164.33  6164.33  11912.23)                        (6164.33  6164.33  11912.23)
  277   465844.6 101.63  39.70          (6070.44  6070.44  11742.05)                        (6070.44  6070.44  11742.05)
  278   465844.6 101.63  39.70          (5976.81  5976.81  11571.88)                        (5976.81  5976.81  11571.88)
  279   465844.6 101.63  39.70          (5883.42  5883.42  11401.7)                         (5883.42  5883.42  11401.7)
  280   465844.6 101.63  39.70          (5790.28  5790.28  11231.53)                        (5790.28  5790.28  11231.53)
  281   465844.6 101.63  39.70          (5697.38  5697.38  11061.35)                        (5697.38  5697.38  11061.35)
  282   465844.6 101.63  39.70          (5604.72  5604.72  10891.18)                        (5604.72  5604.72  10891.18)
  283   465844.6 101.63  39.70          (5512.29  5512.29  10721)                           (5512.29  5512.29  10721)
  284   465844.6 101.63  39.70          (5420.09  5420.09  10550.83)                        (5420.09  5420.09  10550.83)
  285   465844.6 101.63  39.70          (5328.11  5328.11  10380.65)                        (5328.11  5328.11  10380.65)
  286   465844.6 101.63  39.70          (5236.36  5236.36  10210.48)                        (5236.36  5236.36  10210.48)
  287   465844.6 101.63  39.70          (5144.82  5144.82  10040.31)                        (5144.82  5144.82  10040.31)
  288   465844.6 101.63  39.70          (5053.5  5053.5  9870.13)                           (5053.5  5053.5  9870.13)
  289   465844.6 101.63  39.70          (4962.4  4962.4  9699.96)                           (4962.4  4962.4  9699.96)
  290   465844.6 101.63  39.70          (4871.5  4871.5  9529.78)                           (4871.5  4871.5  9529.78)
  291   465844.6 101.63  39.70          (4780.8  4780.8  9359.61)                           (4780.8  4780.8  9359.61)
  292   465844.6 101.63  39.70          (4690.3  4690.3  9189.43)                           (4690.3  4690.3  9189.43)
  293   465844.6 101.63  39.70            (4600  4600  9019.26)                               (4600  4600  9019.26)
  294   465844.6 101.63  39.70          (4509.89  4509.89  8849.08)                         (4509.89  4509.89  8849.08)
  295   465844.6 101.63  39.70          (4419.98  4419.98  8678.91)                         (4419.98  4419.98  8678.91)
  296   465844.6 101.63  39.70          (4330.25  4330.25  8508.73)                         (4330.25  4330.25  8508.73)
  297   465844.6 101.63  39.70          (4240.7  4240.7  8338.56)                           (4240.7  4240.7  8338.56)
  298   465844.6 101.63  39.70          (4151.32  4151.32  8168.38)                         (4151.32  4151.32  8168.38)
  299   465844.6 101.63  39.70          (4062.13  4062.13  7998.21)                         (4062.13  4062.13  7998.21)
  300   465844.6 101.63  39.70          (3973.1  3973.1  7828.03)                           (3973.1  3973.1  7828.03)
  301   465844.6 101.63  39.70          (3884.25  3884.25  7657.86)                         (3884.25  3884.25  7657.86)
  302   465844.6 101.63  39.70          (3795.55  3795.55  7487.69)                         (3795.55  3795.55  7487.69)
  303   465844.6 101.63  39.70          (3707.02  3707.02  7317.51)                         (3707.02  3707.02  7317.51)
  304   465844.6 101.63  39.70          (3618.64  3618.64  7147.34)                         (3618.64  3618.64  7147.34)
  305   465844.6 101.63  39.70          (3530.42  3530.42  6977.16)                         (3530.42  3530.42  6977.16)
  306   465844.6 101.63  39.70          (3442.34  3442.34  6806.99)                         (3442.34  3442.34  6806.99)
  307   465844.6 101.63  39.70          (3354.41  3354.41  6636.81)                         (3354.41  3354.41  6636.81)
  308   465844.6 101.63  39.70          (3266.63  3266.63  6466.64)                         (3266.63  3266.63  6466.64)
  309   465844.6 101.63  39.70          (3178.98  3178.98  6296.46)                         (3178.98  3178.98  6296.46)
  310   465844.6 101.63  39.70          (3091.47  3091.47  6126.29)                         (3091.47  3091.47  6126.29)
  311   465844.6 101.63  39.70          (3004.08  3004.08  5956.11)                         (3004.08  3004.08  5956.11)
  312   465844.6 101.63  39.70          (2916.83  2916.83  5785.94)                         (2916.83  2916.83  5785.94)
  313   465844.6 101.63  39.70          (2829.7  2829.7  5615.76)                           (2829.7  2829.7  5615.76)
  314   465844.6 101.63  39.70          (2742.69  2742.69  5445.59)                         (2742.69  2742.69  5445.59)
  315   465844.6 101.63  39.70          (2655.79  2655.79  5275.41)                         (2655.79  2655.79  5275.41)
  316   465844.6 101.63  39.70          (2569.01  2569.01  5105.24)                         (2569.01  2569.01  5105.24)
  317   465844.6 101.63  39.70          (2482.34  2482.34  4935.07)                         (2482.34  2482.34  4935.07)
  318   465844.6 101.63  39.70          (2395.77  2395.77  4764.89)                         (2395.77  2395.77  4764.89)
  319   465844.6 101.63  39.70          (2309.31  2309.31  4594.72)                         (2309.31  2309.31  4594.72)
  320   465844.6 101.63  39.70          (2222.94  2222.94  4424.54)                         (2222.94  2222.94  4424.54)
  321   465844.6 101.63  39.70          (2136.67  2136.67  4254.37)                         (2136.67  2136.67  4254.37)
  322   465844.6 101.63  39.70          (2050.49  2050.49  4084.19)                         (2050.49  2050.49  4084.19)
  323   465844.6 101.63  39.70          (1964.39  1964.39  3914.02)                         (1964.39  1964.39  3914.02)
  324   465844.6 101.63  39.70          (1878.39  1878.39  3743.84)                         (1878.39  1878.39  3743.84)
  325   465844.6 101.63  39.70          (1792.46  1792.46  3573.67)                         (1792.46  1792.46  3573.67)
  326   465844.6 101.63  39.70          (1706.6  1706.6  3403.49)                           (1706.6  1706.6  3403.49)
  327   465844.6 101.63  39.70          (1620.82  1620.82  3233.32)                         (1620.82  1620.82  3233.32)
  328   465844.6 101.63  39.70          (1535.11  1535.11  3063.14)                         (1535.11  1535.11  3063.14)
  329   465844.6 101.63  39.70          (1449.47  1449.47  2892.97)                         (1449.47  1449.47  2892.97)
  330   465844.6 101.63  39.70          (1363.88  1363.88  2722.79)                         (1363.88  1363.88  2722.79)
  331   465844.6 101.63  39.70          (1278.36  1278.36  2552.62)                         (1278.36  1278.36  2552.62)
  332   465844.6 101.63  39.70          (1192.89  1192.89  2382.45)                         (1192.89  1192.89  2382.45)
  333   465844.6 101.63  39.70          (1107.47  1107.47  2212.27)                         (1107.47  1107.47  2212.27)
  334   465844.6 101.63  39.70           (1022.1  1022.1  2042.1)                            (1022.1  1022.1  2042.1)
  335   465844.6 101.63  39.70          (936.77  936.77  1871.92)                           (936.77  936.77  1871.92)
  336   465844.6 101.63  39.70          (851.48  851.48  1701.75)                           (851.48  851.48  1701.75)
  337   465844.6 101.63  39.70          (766.23  766.23  1531.57)                           (766.23  766.23  1531.57)
  338   465844.6 101.63  39.70           (681.01  681.01  1361.4)                            (681.01  681.01  1361.4)
  339   465844.6 101.63  39.70          (595.82  595.82  1191.22)                           (595.82  595.82  1191.22)
  340   465844.6 101.63  39.70          (510.66  510.66  1021.05)                           (510.66  510.66  1021.05)
  341   465844.6 101.63  39.70           (425.51  425.51  850.87)                            (425.51  425.51  850.87)
  342   465844.6 101.63  39.70           (340.39  340.39  680.7)                             (340.39  340.39  680.7)
  343   465844.6 101.63  39.70           (255.28  255.28  510.52)                            (255.28  255.28  510.52)
  344   465844.6 101.63  39.70           (170.18  170.18  340.35)                            (170.18  170.18  340.35)
  345   465844.6 101.63  39.70            (85.09  85.09  170.17)                              (85.09  85.09  170.17)
  346      0      0.00    0.00                  (0  0  0)                                           (0  0  0)