BurnedOxidizerInitialCG -0.0
BurnedOxidizerLastCG    -0.0
BurnedFuelInitialCG     -1.583
BurnedFuelLastCG        -1.583

#Time(s)   Thrust(N)   OxidizerFlowRate(kg/s)  FuelBurnRate(kg/s) OxMOI FuelMOI
0	8.4614	0	1.1773E-01	(0 0 0)	(0.012982 0.012982 0.00014976)
0.01	25.384	0	1.1773E-01	(0 0 0)	(0.012982 0.012982 0.00014976)
0.02	42.307	0	1.1773E-01	(0 0 0)	(0.012961 0.012961 0.00014952)
0.03	59.229	0	1.1773E-01	(0 0 0)	(0.01294 0.01294 0.00014927)
0.04	76.152	0	1.1773E-01	(0 0 0)	(0.012919 0.012919 0.00014903)
0.05	93.075	0	1.1773E-01	(0 0 0)	(0.012898 0.012898 0.00014879)
0.06	110	0	1.1773E-01	(0 0 0)	(0.012877 0.012877 0.00014854)
0.07	126.92	0	1.1773E-01	(0 0 0)	(0.012855 0.012855 0.0001483)
0.08	143.84	0	1.1773E-01	(0 0 0)	(0.012834 0.012834 0.00014805)
0.09	160.77	0	1.1773E-01	(0 0 0)	(0.012813 0.012813 0.00014781)
0.1	177.69	0	1.1773E-01	(0 0 0)	(0.012792 0.012792 0.00014757)
0.11	194.61	0	1.1773E-01	(0 0 0)	(0.012771 0.012771 0.00014732)
0.12	211.45	0	1.1773E-01	(0 0 0)	(0.01275 0.01275 0.00014708)
0.13	218.58	0	1.1773E-01	(0 0 0)	(0.012727 0.012727 0.00014682)
0.14	219.02	0	1.1773E-01	(0 0 0)	(0.012694 0.012694 0.00014643)
0.14864	219.4	0	1.1773E-01	(0 0 0)	(0.012653 0.012653 0.00014597)
0.15634	219.75	0	1.1773E-01	(0 0 0)	(0.012618 0.012618 0.00014556)
0.16336	220.06	0	1.1773E-01	(0 0 0)	(0.012586 0.012586 0.00014519)
0.16986	220.36	0	1.1773E-01	(0 0 0)	(0.012556 0.012556 0.00014485)
0.17594	220.71	0	1.1773E-01	(0 0 0)	(0.012529 0.012529 0.00014453)
0.18506	221.25	0	1.1773E-01	(0 0 0)	(0.012496 0.012496 0.00014415)
0.19874	222.05	0	1.1773E-01	(0 0 0)	(0.012446 0.012446 0.00014358)
0.21926	223.25	0	1.1773E-01	(0 0 0)	(0.012372 0.012372 0.00014272)
0.25004	225.05	0	1.1773E-01	(0 0 0)	(0.01226 0.01226 0.00014143)
0.29621	227.3	0	1.1773E-01	(0 0 0)	(0.012093 0.012093 0.0001395)
0.34621	229.61	0	1.1773E-01	(0 0 0)	(0.011884 0.011884 0.00013709)
0.39621	228.9	0	1.1773E-01	(0 0 0)	(0.011666 0.011666 0.00013458)
0.44621	226.16	0	1.1773E-01	(0 0 0)	(0.011449 0.011449 0.00013207)
0.49621	223.41	0	1.1773E-01	(0 0 0)	(0.011232 0.011232 0.00012957)
0.54621	220.66	0	1.1773E-01	(0 0 0)	(0.011016 0.011016 0.00012708)
0.59621	217.92	0	1.1773E-01	(0 0 0)	(0.010799 0.010799 0.00012458)
0.64621	212.61	0	1.1773E-01	(0 0 0)	(0.010583 0.010583 0.00012208)
0.69621	203.08	0	1.1773E-01	(0 0 0)	(0.01038 0.01038 0.00011974)
0.74621	193.48	0	1.1773E-01	(0 0 0)	(0.010192 0.010192 0.00011758)
0.79621	183.88	0	1.1773E-01	(0 0 0)	(0.010007 0.010007 0.00011544)
0.84621	174.28	0	1.1773E-01	(0 0 0)	(0.009822 0.009822 0.00011331)
0.89621	166.19	0	1.1773E-01	(0 0 0)	(0.009637 0.009637 0.00011117)
0.94621	164.23	0	1.1773E-01	(0 0 0)	(0.00946 0.00946 0.00010913)
0.99621	162.93	0	9.3143E-02	(0 0 0)	(0.009298 0.009298 0.00010726)
1.0462	161.62	0	9.3143E-02	(0 0 0)	(0.00914 0.00914 0.00010544)
1.0962	160.32	0	9.3143E-02	(0 0 0)	(0.008983 0.008983 0.00010363)
1.1462	159.14	0	9.3143E-02	(0 0 0)	(0.008826 0.008826 0.00010181)
1.1962	159.34	0	9.3143E-02	(0 0 0)	(0.008669 0.008669 0.0001)
1.2462	159.92	0	9.3143E-02	(0 0 0)	(0.008513 0.008513 0.0000982)
1.2962	160.5	0	9.3143E-02	(0 0 0)	(0.008357 0.008357 0.00009641)
1.3462	161.08	0	9.3143E-02	(0 0 0)	(0.008202 0.008202 0.00009461)
1.3962	161.65	0	9.3143E-02	(0 0 0)	(0.008046 0.008046 0.00009282)
1.4462	161.43	0	9.3143E-02	(0 0 0)	(0.007891 0.007891 0.00009103)
1.4962	160.68	0	9.3143E-02	(0 0 0)	(0.007735 0.007735 0.00008924)
1.5462	159.93	0	9.3143E-02	(0 0 0)	(0.00758 0.00758 0.00008745)
1.5962	159.18	0	9.3143E-02	(0 0 0)	(0.007425 0.007425 0.00008566)
1.6462	158.43	0	9.3143E-02	(0 0 0)	(0.00727 0.00727 0.00008387)
1.6962	157.61	0	9.3143E-02	(0 0 0)	(0.007115 0.007115 0.00008208)
1.7462	156.66	0	9.3143E-02	(0 0 0)	(0.006962 0.006962 0.00008031)
1.7962	155.72	0	9.3143E-02	(0 0 0)	(0.006811 0.006811 0.00007857)
1.8462	154.77	0	9.3143E-02	(0 0 0)	(0.00666 0.00666 0.00007683)
1.8962	153.82	0	9.3143E-02	(0 0 0)	(0.00651 0.00651 0.00007509)
1.9462	152.89	0	9.3143E-02	(0 0 0)	(0.006359 0.006359 0.00007336)
1.9962	152	0	9.3143E-02	(0 0 0)	(0.006209 0.006209 0.00007163)
2.0462	151.11	0	9.3143E-02	(0 0 0)	(0.006062 0.006062 0.00006994)
2.0962	150.23	0	9.3143E-02	(0 0 0)	(0.005916 0.005916 0.00006825)
2.1462	149.34	0	9.3143E-02	(0 0 0)	(0.00577 0.00577 0.00006657)
2.1962	148.44	0	9.3143E-02	(0 0 0)	(0.005624 0.005624 0.00006488)
2.2462	147.28	0	9.3143E-02	(0 0 0)	(0.005479 0.005479 0.00006321)
2.2962	146.06	0	9.3143E-02	(0 0 0)	(0.005337 0.005337 0.00006157)
2.3462	144.84	0	9.3143E-02	(0 0 0)	(0.005196 0.005196 0.00005994)
2.3962	143.62	0	9.3143E-02	(0 0 0)	(0.005055 0.005055 0.00005832)
2.4462	142.4	0	9.3143E-02	(0 0 0)	(0.004915 0.004915 0.0000567)
2.4962	141.35	0	9.3143E-02	(0 0 0)	(0.004774 0.004774 0.00005508)
2.5462	140.4	0	9.3143E-02	(0 0 0)	(0.004637 0.004637 0.00005349)
2.5962	139.46	0	9.3143E-02	(0 0 0)	(0.004501 0.004501 0.00005193)
2.6462	138.52	0	9.3143E-02	(0 0 0)	(0.004366 0.004366 0.00005037)
2.6962	137.57	0	9.3143E-02	(0 0 0)	(0.004231 0.004231 0.00004881)
2.7462	136.42	0	9.3143E-02	(0 0 0)	(0.004096 0.004096 0.00004725)
2.7962	134.94	0	9.3143E-02	(0 0 0)	(0.003963 0.003963 0.00004572)
2.8462	133.46	0	9.3143E-02	(0 0 0)	(0.003834 0.003834 0.00004423)
2.8962	131.97	0	9.3143E-02	(0 0 0)	(0.003705 0.003705 0.00004274)
2.9462	130.48	0	6.2067E-02	(0 0 0)	(0.003576 0.003576 0.00004125)
2.9962	129.01	0	6.2067E-02	(0 0 0)	(0.003447 0.003447 0.00003976)
3.0462	127.61	0	6.2067E-02	(0 0 0)	(0.00332 0.00332 0.0000383)
3.0962	126.21	0	6.2067E-02	(0 0 0)	(0.003197 0.003197 0.00003688)
3.1462	124.81	0	6.2067E-02	(0 0 0)	(0.003075 0.003075 0.00003548)
3.1962	123.41	0	6.2067E-02	(0 0 0)	(0.002953 0.002953 0.00003407)
3.2462	121.97	0	6.2067E-02	(0 0 0)	(0.002832 0.002832 0.00003267)
3.2962	120.2	0	6.2067E-02	(0 0 0)	(0.002712 0.002712 0.00003129)
3.3462	118.33	0	6.2067E-02	(0 0 0)	(0.002596 0.002596 0.00002995)
3.3962	116.45	0	6.2067E-02	(0 0 0)	(0.002482 0.002482 0.00002864)
3.4462	114.58	0	6.2067E-02	(0 0 0)	(0.002369 0.002369 0.00002733)
3.4962	112.69	0	6.2067E-02	(0 0 0)	(0.002256 0.002256 0.00002603)
3.5462	108.19	0	6.2067E-02	(0 0 0)	(0.002143 0.002143 0.00002473)
3.5962	101.93	0	6.2067E-02	(0 0 0)	(0.002042 0.002042 0.00002355)
3.6462	95.666	0	6.2067E-02	(0 0 0)	(0.001949 0.001949 0.00002249)
3.6962	89.405	0	6.2067E-02	(0 0 0)	(0.001856 0.001856 0.00002142)
3.7462	83.144	0	6.2067E-02	(0 0 0)	(0.001764 0.001764 0.00002035)
3.7962	77.395	0	6.2067E-02	(0 0 0)	(0.001671 0.001671 0.00001928)
3.8462	72.49	0	6.2067E-02	(0 0 0)	(0.00159 0.00159 0.00001835)
3.8962	67.599	0	6.2067E-02	(0 0 0)	(0.001524 0.001524 0.00001759)
3.9462	62.707	0	6.2067E-02	(0 0 0)	(0.00146 0.00146 0.00001685)
3.9962	57.815	0	6.2067E-02	(0 0 0)	(0.001396 0.001396 0.00001611)
4.0462	53.452	0	6.2067E-02	(0 0 0)	(0.001331 0.001331 0.00001536)
4.0962	51.229	0	6.2067E-02	(0 0 0)	(0.001272 0.001272 0.00001468)
4.1462	49.234	0	6.2067E-02	(0 0 0)	(0.001222 0.001222 0.0000141)
4.1962	47.238	0	9.5533E-03	(0 0 0)	(0.001176 0.001176 0.00001357)
4.2462	45.242	0	9.5533E-03	(0 0 0)	(0.001129 0.001129 0.00001303)
4.2962	43.321	0	9.5533E-03	(0 0 0)	(0.001082 0.001082 0.00001249)
4.3462	42.222	0	9.5533E-03	(0 0 0)	(0.001037 0.001037 0.00001196)
4.3962	41.35	0	9.5533E-03	(0 0 0)	(0.000994999999999999 0.000994999999999999 0.00001148)
4.4462	40.479	0	9.5533E-03	(0 0 0)	(0.000954999999999998 0.000954999999999998 0.00001103)
4.4962	39.607	0	9.5533E-03	(0 0 0)	(0.000916 0.000916 0.00001057)
4.5462	38.736	0	9.5533E-03	(0 0 0)	(0.000876999999999999 0.000876999999999999 0.00001012)
4.5962	37.818	0	9.5533E-03	(0 0 0)	(0.000836999999999997 0.000836999999999997 9.66000000000004E-06)
4.6462	36.869	0	9.5533E-03	(0 0 0)	(0.000799999999999999 0.000799999999999999 9.24000000000004E-06)
4.6962	35.92	0	9.5533E-03	(0 0 0)	(0.000765999999999999 0.000765999999999999 8.84000000000003E-06)
4.7462	34.971	0	9.5533E-03	(0 0 0)	(0.000730999999999999 0.000730999999999999 8.44000000000002E-06)
4.7962	34.021	0	9.5533E-03	(0 0 0)	(0.000695999999999999 0.000695999999999999 8.03000000000002E-06)
4.8462	33.093	0	9.5533E-03	(0 0 0)	(0.000660999999999998 0.000660999999999998 7.63000000000001E-06)
4.8962	32.197	0	9.5533E-03	(0 0 0)	(0.000628 0.000628 7.25000000000004E-06)
4.9462	31.302	0	9.5533E-03	(0 0 0)	(0.000597999999999998 0.000597999999999998 6.90000000000001E-06)
4.9962	30.406	0	9.5533E-03	(0 0 0)	(0.000567999999999999 0.000567999999999999 6.56000000000002E-06)
5.0462	29.511	0	9.5533E-03	(0 0 0)	(0.000538 0.000538 6.21000000000004E-06)
5.0962	28.611	0	9.5533E-03	(0 0 0)	(0.000507999999999998 0.000507999999999998 0.00000586)
5.1462	27.693	0	9.5533E-03	(0 0 0)	(0.000479 0.000479 5.53000000000001E-06)
5.1962	26.772	0	9.5533E-03	(0 0 0)	(0.000451999999999998 0.000451999999999998 5.22000000000001E-06)
5.2462	25.852	0	9.5533E-03	(0 0 0)	(0.000427 0.000427 0.00000493)
5.2962	24.931	0	9.5533E-03	(0 0 0)	(0.000400999999999999 0.000400999999999999 4.64000000000004E-06)
5.3462	24.019	0	9.5533E-03	(0 0 0)	(0.000375999999999998 0.000375999999999998 4.34000000000003E-06)
5.3962	23.191	0	9.5533E-03	(0 0 0)	(0.000350999999999997 0.000350999999999997 4.06000000000001E-06)
5.4462	22.388	0	9.5533E-03	(0 0 0)	(0.000328999999999999 0.000328999999999999 3.80000000000004E-06)
5.4962	21.584	0	9.5533E-03	(0 0 0)	(0.000307999999999999 0.000307999999999999 0.00000355)
5.5462	20.78	0	9.5533E-03	(0 0 0)	(0.000286999999999999 0.000286999999999999 3.31000000000002E-06)
5.5962	19.977	0	9.5533E-03	(0 0 0)	(0.000264999999999998 0.000264999999999998 3.07000000000004E-06)
5.6462	19.224	0	9.5533E-03	(0 0 0)	(0.000244999999999999 0.000244999999999999 0.00000283)
5.6962	18.506	0	9.5533E-03	(0 0 0)	(0.000225999999999997 0.000225999999999997 0.00000261)
5.7462	17.787	0	9.5533E-03	(0 0 0)	(0.000208 0.000208 0.00000241)
5.7962	17.069	0	9.5533E-03	(0 0 0)	(0.000191 0.000191 2.20999999999999E-06)
5.8462	16.351	0	9.5533E-03	(0 0 0)	(0.000173999999999997 0.000173999999999997 2.01000000000004E-06)
5.8962	15.621	0	9.5533E-03	(0 0 0)	(0.000156999999999997 0.000156999999999997 1.81000000000004E-06)
5.9462	14.872	0	9.5533E-03	(0 0 0)	(0.000140999999999999 0.000140999999999999 1.63000000000002E-06)
5.9962	14.124	0	9.5533E-03	(0 0 0)	(0.000126999999999999 0.000126999999999999 0.00000147)
6.0462	13.375	0	9.5533E-03	(0 0 0)	(0.000114 0.000114 1.32000000000002E-06)
6.0962	12.626	0	9.5533E-03	(0 0 0)	(9.99999999999994E-05 9.99999999999994E-05 0.00000116)
6.1462	11.916	0	9.5533E-03	(0 0 0)	(8.70000000000003E-05 8.70000000000003E-05 1.01000000000002E-06)
6.1962	11.364	0	9.5533E-03	(0 0 0)	(7.39999999999977E-05 7.39999999999977E-05 8.60000000000043E-07)
6.2462	10.829	0	9.5533E-03	(0 0 0)	(6.29999999999971E-05 6.29999999999971E-05 7.39999999999996E-07)
6.2962	10.294	0	9.5533E-03	(0 0 0)	(5.29999999999975E-05 5.29999999999975E-05 6.20000000000004E-07)
6.3462	9.7588	0	9.5533E-03	(0 0 0)	(4.29999999999979E-05 4.29999999999979E-05 5.00000000000012E-07)
6.3962	9.1439	0	9.5533E-03	(0 0 0)	(3.29999999999983E-05 3.29999999999983E-05 3.8000000000002E-07)
6.4462	7.6477	0	9.5533E-03	(0 0 0)	(2.29999999999987E-05 2.29999999999987E-05 2.80000000000018E-07)
6.4962	5.9079	0	9.5533E-03	(0 0 0)	(1.69999999999997E-05 1.69999999999997E-05 2.00000000000005E-07)
6.5462	4.1682	0	9.5533E-03	(0 0 0)	(1.29999999999991E-05 1.29999999999991E-05 1.50000000000031E-07)
6.5962	2.4285	0	9.5533E-03	(0 0 0)	(7.99999999999759E-06 7.99999999999759E-06 1.00000000000002E-07)
6.6462	0.69816	0	9.5533E-03	(0 0 0)	(3.99999999999706E-06 3.99999999999706E-06 5.00000000000283E-08)
6.6962	0	0	9.5533E-03	(0 0 0)	(0 0 0)